0
64
64
5.2764 -2.1394 -1.0636 -0.8920 0.1593 0.3186 -0.0941 4.8903 0.7438 -3.1762 -2.9513 -0.4978 -2.1946 0.0913 1.7297 -3.1612 -0.5962 0.0297 1.2405 -1.9510 -2.5929 1.7607 -1.7655 0.4710 1.1174 2.9439 -1.0638 -3.6725 0.1625 0.5704 -6.7868 -2.0097 2.1665 3.3922 -1.7827 -1.1206 -3.9190 -0.5484 3.8698 -1.7997 3.2028 2.2395 0.7990 2.9401 -0.7347 -2.7083 0.5655 0.0563 1.9808 -0.3287 5.0629 0.5336 -0.1881 3.4589 1.4504 -2.6256 -0.1508 3.5757 0.2061 -6.6240 -0.4072 -3.1345 -1.4202 1.1428
2.0428 0.1169 -3.7102 2.1559 -1.0058 -0.4488 -0.8546 1.7858 2.3567 4.8044 4.4742 2.6119 2.0760 0.9602 3.4465 -6.3371 -1.6476 -1.1625 -2.5782 -2.7628 0.8004 1.7203 -3.8317 2.6926 1.8354 1.0853 -1.6690 -2.8111 -1.1840 -3.5201 2.1614 1.9012 2.5702 -0.4649 0.7303 -1.3463 2.5479 -0.3951 1.6713 4.7674 -1.8513 -1.4696 2.4680 1.7086 4.9912 -1.9583 3.9848 -1.5528 -4.8620 -2.3822 2.6953 -0.1878 -5.5512 1.2994 1.4207 -2.9944 -3.0525 3.6040 -2.1114 -4.5258 4.5657 3.0062 -0.2552 5.1545
2.9694 0.5776 -5.7422 -2.5718 -0.9285 -0.8480 0.6117 -1.7973 -2.1293 3.7365 -1.1797 0.2000 0.0940 0.3485 -1.9659 0.6076 -1.9963 -1.2824 -1.0565 1.0685 6.3456 0.6760 3.4477 -4.1116 -3.0094 0.0939 -1.0323 -5.4313 1.4389 0.2661 -1.6282 -0.8197 -1.1302 2.1103 -0.6673 -1.0540 -2.1212 2.3189 3.6455 1.5139 5.2600 -2.5318 -2.3343 5.7170 -1.5927 -0.6260 -0.0391 1.0942 0.4008 0.4480 4.4312 -0.4202 -2.6459 -1.8585 0.3133 1.5871 -0.1371 0.5508 3.0623 -1.2651 -0.4878 -0.1592 -1.0594 3.5526
1.6659 -2.6220 0.8573 -3.5455 -1.2342 0.7124 -1.8830 1.0256 -1.9653 1.3267 -7.3007 2.9837 -1.4356 2.0711 -2.7232 1.8701 1.0114 1.7585 4.2175 -2.6331 3.9541 2.0157 -0.6145 2.0755 0.4921 -5.2340 -3.7643 2.7047 0.0628 3.0144 1.4794 -0.9126 -1.1346 -3.7307 2.6633 -0.9883 3.4872 -0.5225 -2.5704 0.9675 -1.3505 4.0584 1.5177 2.1623 3.2643 2.6260 2.7025 0.8880 1.4044 -0.0432 0.8783 1.0119 -1.0276 0.5266 -4.8591 -2.4992 2.6341 1.7886 0.9167 -1.6335 -4.4126 1.3777 -1.4552 1.2943
-2.7826 3.0430 1.0610 -1.5510 5.3473 -4.0528 -0.5826 5.8712 1.1609 -5.0528 0.8187 -1.6574 2.0114 0.4431 2.7672 -1.7240 -4.1605 -2.3370 -1.3654 4.0547 -2.8054 3.7525 0.6992 1.3369 1.0446 0.3453 -2.1619 -4.7542 1.6206 3.5643 -2.8543 4.0271 1.2303 1.1893 4.1103 -0.5925 3.8557 -1.0975 -3.6890 -4.0432 1.7612 4.0273 0.9902 1.1705 -0.2350 -0.3323 3.3581 -3.4553 3.3773 0.7512 -5.2105 -1.6002 3.5860 -0.5212 0.6827 -1.1000 -0.7816 -0.6161 -2.7336 -5.8976 -0.9272 -0.3897 2.1136 1.6636
-3.0099 -1.3128 3.4419 1.9475 2.8104 1.2134 2.4657 -6.0101 1.4597 0.9688 -0.4121 -5.3052 7.9325 -0.7936 -0.9654 -0.1464 -2.1869 -5.0320 -1.8290 3.4440 3.4105 2.1811 -0.2568 1.1593 2.1017 3.4126 -1.4895 2.6927 6.5094 0.4658 2.8082 -0.4088 -3.7389 1.2379 -1.3761 -0.0521 -0.7156 -1.8568 -1.0118 2.6448 -1.9799 -3.1253 -4.2866 1.9653 3.1851 -2.6112 -1.1870 -0.6488 -1.0341 1.8848 3.0061 -5.8908 0.3599 -2.4802 0.8787 -0.6563 -0.7469 0.8996 -3.1709 1.3234 5.6320 -3.7194 -0.7657 2.2092
-0.5715 2.4275 -0.3013 -0.1961 1.6157 1.5737 -0.0868 1.6618 0.0181 -4.4053 -0.9135 -0.6567 -3.0601 -1.8326 0.3478 2.4318 -0.0743 3.1289 0.2495 -0.6909 0.4181 2.4528 -2.6383 -2.3715 -3.4353 -1.7391 1.9737 -0.3517 0.1512 0.8623 -2.2013 3.5729 -1.4581 6.1941 -1.6093 2.9203 0.4697 -1.4092 -2.3011 0.3229 -0.1226 2.6534 -2.8173 -1.7051 -1.9567 -2.0440 6.7468 -3.0296 -1.3917 -0.3004 4.6773 -1.7126 3.1097 -1.7114 2.7758 0.4262 1.1778 2.3024 1.1535 -2.7288 3.2657 1.4830 -0.4897 -0.6378
-0.9088 -0.5701 -2.3627 2.4857 1.5301 -2.0783 2.1375 -1.6479 2.1117 -2.4204 0.8953 -2.5565 0.5100 2.1839 1.3110 0.8362 4.4382 0.8705 -3.4190 2.9243 2.5086 -4.1700 2.4753 0.2062 -1.8569 0.3323 0.9598 0.7914 -2.1394 -0.0655 2.0862 0.3490 -2.5389 -1.5965 -0.0781 -2.5077 2.2990 2.6473 0.0305 -3.6651 -3.0405 -4.5745 -0.2795 1.2618 -0.7701 0.8142 -2.8126 -1.1180 3.6639 0.3795 -0.2110 -3.5638 -3.2920 -1.8859 3.0935 0.7229 1.7992 2.0198 0.8569 4.1927 -0.7354 -2.5829 2.0434 5.4289
1.7790 -3.1161 -0.8008 -0.5691 -2.8246 -4.6164 1.0369 5.0380 2.3760 -2.2779 1.3168 -0.3460 -0.5545 0.2723 0.2339 4.8337 -1.1058 1.7062 -0.0706 -0.2467 -4.8712 -0.8024 2.1805 0.5047 2.3513 1.2889 -0.0639 -1.2272 3.4597 2.2745 3.2532 0.5760 1.3511 -1.6079 -1.1419 -3.7059 1.8537 -3.6060 -1.5832 -4.1568 -0.2554 1.3559 -1.1030 3.4029 -3.5515 2.8539 -1.1961 -3.1116 0.0387 -0.5285 -2.5266 -5.8790 -0.4349 3.2476 0.0683 -2.0676 -1.9881 -1.0158 -2.6589 2.1396 -3.2055 -2.6063 -3.8404 -8.0995
4.2992 2.6512 -0.9001 1.0076 -0.6828 0.2100 -0.6084 1.6274 3.3402 -0.4525 0.2372 0.8785 -0.0236 1.6833 -1.9189 -0.3589 2.5757 -4.5744 -0.7097 1.1260 -1.1690 -2.3301 1.4940 1.8153 -6.2358 3.9684 -2.7509 -2.4120 -2.3440 -4.9998 -3.1439 -3.8296 -0.6966 0.5120 -3.8594 -2.7159 3.4181 5.1736 4.7824 -1.5518 5.7842 0.1434 0.8641 0.8171 -2.6780 0.2113 -4.3157 -0.7146 2.2757 1.7612 1.7028 2.4490 -3.8580 -3.9192 3.2619 -0.8401 -0.1704 0.7965 0.2531 -2.5571 -1.7988 1.0293 -2.1565 -0.7605
-0.4052 3.4612 7.5917 -0.4172 0.5150 -1.3038 -1.7895 1.5769 0.4004 0.8264 -4.4019 -1.9812 -1.4573 2.3045 2.2872 0.7596 0.9573 1.1809 0.5571 -4.4304 0.2851 1.9312 1.2769 -3.4924 1.0958 -4.1238 2.5697 1.6898 -1.4516 4.0652 -4.9376 -1.0223 -0.5175 5.4440 -1.0279 1.2411 -3.3061 -1.3438 -1.2069 2.3448 -3.7410 -4.0574 3.3234 -1.1625 2.9455 -0.6913 -4.9689 -0.0284 -0.0135 3.7557 -0.2728 1.1784 -0.8625 1.9279 -2.1161 0.5727 1.7220 3.9542 -0.9117 -1.5894 -0.0427 -0.9578 5.1536 3.7456
1.2332 -0.1298 0.7385 -3.8776 -3.0072 -0.8456 3.4488 -1.8696 -0.5726 -1.5761 -5.5344 -2.0719 0.5104 0.8520 0.8943 -0.1048 2.7633 -2.3383 1.2788 -3.7537 -6.8181 0.3527 0.2086 1.8299 -2.7797 2.0309 1.1791 1.2992 0.8981 2.9672 -2.5678 -1.4082 -2.8702 3.2747 -3.5482 0.7651 -2.1986 3.4518 -1.1970 0.9183 -7.0194 -0.0567 -0.7939 0.8067 -5.1972 -0.0932 -3.0932 0.1203 -1.6174 3.8224 1.8612 -2.4862 -1.7554 -0.1265 -0.8407 2.7126 -1.1708 0.2413 1.8892 0.0640 -1.6546 -3.0526 0.7967 -3.0595
0.1100 -3.8111 -0.3348 -2.2996 -2.7161 0.1221 0.1883 -3.9757 2.7843 3.5182 5.0978 1.8200 -1.4586 1.4107 -5.3532 3.3228 -0.7905 -3.0018 -3.5501 2.3673 -2.0291 -3.7571 -0.0563 -2.1487 -1.2563 -3.5378 -3.2373 4.6679 5.3296 -3.5837 1.7233 -2.4322 2.7155 -1.8281 -5.7227 -3.9225 1.8042 -4.6112 0.9336 1.0081 -0.1391 -3.0302 0.0359 -2.9227 3.0015 -1.5837 1.1943 -4.5396 0.1520 0.1959 1.7036 1.8211 0.7867 -0.0514 1.0804 3.1302 0.5094 -0.5001 3.7991 -2.7850 2.2922 -2.4575 0.6294 -0.5473
1.5334 0.9894 -3.8902 -0.6079 3.3068 -0.6517 -1.6157 -2.3010 0.3781 2.0174 -2.2275 0.8467 -2.6273 -0.6106 2.3958 -1.9661 0.4714 -2.2230 2.2963 -2.8480 -3.1777 -3.9376 1.4321 2.8798 -1.5472 0.7037 1.2752 1.1636 -1.1813 -1.6242 1.0275 -1.3771 -1.3705 -0.8051 2.5819 -1.4105 -2.3324 1.0845 2.0370 5.1545 -4.1580 -3.4412 -0.9040 -2.6305 -4.0347 1.2195 1.5493 -0.1066 3.2540 1.7339 4.1521 0.8908 -3.8179 -0.5092 1.2235 3.1826 -0.7273 1.0565 3.3098 0.1959 1.0712 -3.1661 2.2809 1.8117
1.8091 1.3402 -1.2010 -0.6964 2.3623 2.1632 -0.2103 0.4162 -1.8465 -1.3632 0.4123 5.7962 -4.6017 0.8550 -3.0781 -3.3367 -2.4831 2.0405 -3.0834 -1.4825 0.2336 0.0977 -0.0115 0.5702 0.0358 1.9078 -0.0831 -2.1478 -1.8406 -2.8623 -0.5841 1.4305 3.7430 -0.6313 3.9026 -0.6597 4.5596 -2.4033 -4.1552 0.0028 -1.0639 3.7779 0.5283 0.4843 -0.8142 1.5041 3.0834 -2.4684 0.6782 -1.9459 1.2267 -1.0921 2.3972 0.6054 -0.0654 2.3028 -1.2960 -0.2524 2.4397 0.9419 -0.7643 0.5928 -1.4722 0.2255
-1.2342 1.4876 -7.8699 -4.7095 -4.1499 1.4422 3.7184 3.6147 3.6529 4.2062 5.1257 0.2637 0.2393 -3.6777 -0.1405 4.3669 1.4713 0.0668 0.8393 0.0960 -1.0603 -2.2223 -1.3088 -3.0975 -5.0202 0.8348 -0.5036 0.3192 3.2737 -4.3016 4.9455 -0.9767 -3.0035 1.4036 -2.0664 -2.5130 1.7756 -0.1937 1.1264 3.9203 1.2591 -1.6360 -2.0894 -2.3140 0.1291 -2.6303 0.3085 -5.3464 4.0362 -0.3542 0.1888 -1.3767 1.4964 1.9028 1.3917 -0.9382 -4.5513 1.8854 1.7240 2.0232 -2.9782 0.6266 -0.3475 -4.8498
0.6006 2.2124 -1.0792 -3.8646 -5.1955 -0.4120 2.5628 -4.8333 -1.6031 -1.7081 -3.3327 0.0559 2.8859 -0.3033 -4.3935 2.4204 -0.7322 1.2489 1.5236 -0.5069 1.1050 -3.4036 -2.9701 1.8855 -6.3385 1.8605 2.7293 4.5979 3.8373 0.5090 -0.6636 1.4707 0.5380 -2.9655 2.7818 1.3794 1.6754 -3.9652 -1.0964 1.8040 2.4670 -2.7198 2.8355 -1.8731 2.1527 -0.7136 -6.7618 -0.1748 0.0985 1.3606 0.2281 -1.0682 3.2032 1.8394 -2.3222 -2.5623 -2.9767 -0.6962 1.5782 1.5559 -3.6560 -4.1961 1.4372 0.3959
1.6690 -0.8338 -4.0976 0.6969 1.1298 -2.5954 1.6861 -2.1960 -2.7008 0.9783 -5.2011 -1.9533 -2.2840 -1.0764 -3.1559 0.4773 2.5251 1.7569 1.2821 -1.4444 0.0624 -9.2422 0.5895 -2.1278 -1.4785 -5.7273 4.7717 -3.6121 -5.2015 0.7310 -0.8108 -2.4749 0.2618 -2.3625 1.8728 0.5181 2.7510 2.7929 0.1063 -0.1912 -3.7690 -2.1342 3.7959 -4.1712 -3.9135 1.3795 1.6057 -1.2810 1.9848 4.8813 1.8031 -1.5830 -0.4767 4.3218 -2.8643 4.0885 3.1200 -3.1401 5.4965 2.9942 0.3693 -5.1596 0.8926 3.3015
1.2071 -1.3282 -2.5083 4.7152 2.6038 2.1975 -3.7237 2.5535 -0.8802 -3.9378 -0.2510 0.5874 3.9941 1.0206 -2.7396 -0.4733 0.5746 1.5846 -0.0616 2.9046 8.0311 2.5825 -1.4773 3.2782 2.2446 -3.0627 0.7955 1.5850 -0.5902 -2.4960 0.0470 -1.7275 -2.5271 -1.3981 -0.7579 -0.3792 -0.6864 2.7564 -0.5552 -0.0956 -0.3185 2.9852 -0.9840 -1.0093 2.7508 -3.0547 2.3756 0.5282 1.1511 -3.7233 5.7714 -1.2359 1.9548 -5.8457 1.0026 -4.0245 7.2253 1.6576 0.3437 4.2791 -1.0609 3.0394 -1.6238 4.9102
2.5741 2.2313 -1.7291 -0.5291 -2.0619 -1.6167 0.5823 2.8203 2.8641 2.6184 2.8482 -1.5782 -1.1527 -4.4336 -1.2036 2.1801 -2.1401 -4.5410 -0.7892 2.6870 1.2205 -1.8228 -0.2366 -1.6786 -1.1524 1.6826 -3.5236 -2.0804 2.9057 3.7857 4.1074 -0.2485 0.1453 -0.0646 -1.4763 0.3585 0.0273 -1.7194 3.2658 -5.6976 5.8291 -0.2099 -1.6912 5.3533 1.4885 -0.6079 1.0201 -3.3796 -1.4318 -0.2277 -2.8103 -2.7952 -1.9991 -2.4893 -1.6977 -1.2765 -1.8989 -2.7378 0.1798 -3.7135 -0.5884 -2.4039 2.1144 -1.9315
1.1186 -5.0531 4.5530 2.8697 -2.5218 3.6754 -4.4522 2.8201 -0.8837 4.0615 -1.6145 -5.9462 -1.2925 0.6048 -2.4191 -1.4415 2.8070 -1.3049 -0.2357 2.7022 -0.7016 3.4242 -1.8083 0.2953 -0.7252 2.6373 -4.9749 2.8369 -0.8538 0.8276 -2.3654 -2.6692 -0.7308 0.6233 -0.2397 -1.0181 0.2726 -1.6602 0.9583 -3.2486 1.5942 0.6469 0.3876 -4.5045 0.6743 4.8827 1.0154 2.1931 -0.0168 1.4866 2.2219 2.3297 -1.8014 2.5792 0.9969 -2.6890 0.6536 1.7287 -1.2205 -3.8358 1.0121 -0.4959 -1.4277 -2.4521
4.4113 -6.3055 1.2932 -0.4643 -3.6889 -2.4442 -0.6311 -2.5745 2.0381 -1.6738 0.9558 2.5028 -2.6072 3.6102 -0.7255 -1.2519 3.9682 4.6786 0.7942 0.8380 -0.2627 -2.8884 1.8250 -0.2255 0.5600 -2.0602 2.8392 6.3052 -0.6993 0.8527 5.2628 -1.3278 4.2199 0.7095 -4.6000 -0.3501 2.6589 4.4205 1.1924 1.3081 -6.2989 -2.6004 0.3867 -1.0906 2.3242 0.2033 2.4243 -0.4474 1.5106 -0.6722 -3.9633 -4.5880 -2.6829 2.9242 -2.5235 1.6332 -2.0013 2.6995 2.5259 2.2143 4.3730 -0.2512 -2.2202 3.7502
0.0936 -4.6609 -4.9592 -1.3813 0.1731 -3.5704 1.5131 -2.0956 -0.1943 1.5188 3.6447 2.0266 -4.2885 -0.5753 -0.7497 -3.4612 -0.6510 4.6083 0.4995 -2.5126 -1.1050 1.3723 5.0517 -1.0214 -2.8542 0.7551 -0.2537 -0.2760 0.8517 -0.1187 -0.2160 -0.3060 1.9154 2.3353 -1.9705 -5.0141 0.7946 4.5808 -1.3105 4.3942 0.1046 2.2849 0.3992 -3.8839 -3.9334 -1.5002 -0.0795 -0.3937 0.4467 -3.3619 -2.0168 2.8705 -0.7788 -1.6230 -0.2796 1.9550 -4.1246 2.6374 5.0702 -4.0022 0.1845 2.0851 -2.7790 -3.7990
0.2025 0.1445 -0.3925 -2.2219 -1.9874 1.9631 1.0473 -1.5639 -1.3233 1.9241 1.7763 -0.2884 -2.0478 0.0985 0.4635 1.3387 2.2591 5.6431 -1.1667 2.4387 2.8298 -2.8507 -1.1311 0.6301 -0.5064 1.6062 2.6442 -3.0801 -0.1821 -1.9260 -5.8279 -1.3957 2.2270 4.3338 -0.7985 1.7463 -3.7771 0.5567 -3.0708 0.2550 -1.8109 -2.1627 -5.9802 2.0081 -1.5918 -0.7768 -3.8573 -2.0851 -0.8807 1.3843 1.2579 3.2417 -2.1669 1.5821 -1.3335 -0.1788 0.8107 1.1831 -0.9062 0.5452 1.9406 -0.6831 -1.4145 0.3921
-0.4285 -5.1865 -3.7506 -1.2134 1.8891 2.9226 -0.5282 -3.6583 4.6330 -2.4041 3.6693 -1.3853 -2.6752 2.8369 -0.9423 0.3806 2.8542 2.8867 -0.2770 4.2300 0.3596 -5.1113 0.9420 5.1557 -5.5049 -2.7414 0.5849 3.9337 3.9273 -0.5605 2.8136 1.9583 2.4297 3.0370 0.2776 1.9923 -3.5310 0.4476 1.0910 4.7902 -0.6045 -5.4366 -0.9523 -1.6058 2.2876 -1.1903 -1.7699 -2.9369 -1.2728 -1.8579 1.9202 2.5651 -2.6549 -1.0896 6.1007 -1.4969 -1.6070 4.2537 3.5495 2.4873 6.0282 -0.1975 3.8316 4.9350
1.7910 3.3217 -0.6708 3.5933 0.4087 2.5074 -5.5552 5.5651 -2.1417 1.8919 6.8569 5.0955 2.1607 0.8916 -3.3560 1.5201 -2.3832 0.9913 -5.8754 0.8450 1.1044 3.2288 -5.4019 -3.4924 -1.2660 5.3342 -1.1556 0.9155 3.6536 -0.6318 1.2231 1.2688 -0.0434 0.3145 0.1091 0.7155 0.9583 2.4875 -4.1670 -0.3098 -3.1617 1.6340 -0.9828 2.5841 4.1073 -1.3436 3.1488 -2.4749 1.0775 -4.6940 0.5373 -0.9344 0.6075 -1.4744 -4.9597 1.6823 0.1233 1.4330 -0.5392 -1.7893 -4.6106 3.5110 0.1395 -0.0263
0.0478 -2.0420 -5.2746 0.4900 1.3418 -0.4135 -1.1739 0.4040 -2.1950 0.7538 2.4838 0.6549 2.9662 -3.0922 1.5869 2.0096 -4.5076 2.1339 0.8350 3.6741 -1.4447 -3.5927 -2.7244 -0.7288 1.1075 2.3280 0.5995 -2.4727 1.3674 -1.1979 -2.8470 0.1909 2.3016 0.2178 3.8661 3.6994 -0.8710 -0.2452 2.2125 2.0077 1.7351 3.1488 -5.8266 3.5623 1.1367 -1.2108 5.0834 2.8394 -0.1181 2.6518 -1.1411 -2.5825 2.0319 2.4964 -0.5171 0.7481 -2.0243 -3.1926 0.5510 -1.6615 4.2776 -1.4989 0.4117 0.2732
-2.8452 4.1305 -1.1241 0.1775 -0.3875 1.4137 -1.9126 -3.5586 4.0004 1.7210 1.9722 2.5937 -0.2447 0.7489 1.9531 2.6081 1.5141 -4.7042 -3.6040 -4.3813 -2.8397 -1.2662 0.9293 1.2884 1.2196 -2.9068 -1.0654 1.1691 -2.2063 -2.7494 0.7094 1.9306 2.1735 -1.0926 -1.5848 0.8458 -0.3129 2.0099 -1.6070 1.1206 -1.0640 -2.9320 1.7131 -2.2705 -3.9413 0.7009 -2.4924 -1.3472 -2.6464 -3.9614 1.4794 4.4284 -2.7888 -0.7504 0.9539 2.4790 0.6158 -0.1554 2.0728 1.8383 -6.1744 -0.6199 1.6091 -0.2797
0.8219 0.0093 -0.8611 2.7620 -0.3230 0.8698 -0.7315 2.6648 -6.3564 4.2469 -1.1074 0.0309 -1.3122 -0.6867 -2.3816 1.6475 -0.1240 0.5960 -1.0532 -0.5728 5.2689 -3.8758 -3.6939 5.7498 1.9129 -1.6826 -3.0182 3.1453 -3.4478 1.5734 0.5070 2.3599 -0.8214 -4.7427 -2.7771 3.8413 -3.4451 -2.4039 -0.4034 -3.5631 -0.5017 -2.7621 -6.6303 2.7427 -0.1139 0.9538 1.3741 7.3570 -0.0572 -0.5171 1.6348 0.4268 -5.0084 0.6347 -0.3079 0.9090 4.0133 -2.9133 -0.8715 2.3927 1.1921 -3.1329 -1.6735 1.1976
4.0947 1.7508 -5.7569 -2.0742 -0.0033 1.0778 -0.5075 1.9422 -0.4942 -2.4071 3.0079 5.2489 -4.9303 0.2816 1.4267 1.8212 -2.0108 1.2278 -3.4103 -1.4156 2.0536 -1.1966 -0.7982 -0.6336 -0.7369 -0.6742 0.0822 0.1535 0.7630 1.4705 3.4387 3.8132 1.9149 0.6658 -2.3983 2.3441 -3.4767 1.7876 -1.6648 3.6571 1.9545 -0.0712 -2.1518 3.9029 0.6494 -2.6220 4.3256 1.5082 -5.0636 -6.0855 -0.6006 2.3655 -3.3351 -1.7932 0.0001 0.5136 -0.4654 1.7407 2.5358 -1.0507 1.4283 2.5802 2.9951 2.6129
2.8696 -2.9656 -1.5963 2.7369 -1.3106 -1.9993 -2.6265 1.4133 3.0899 -2.7306 0.4011 -1.0125 0.1065 3.8750 0.6975 -0.6842 -1.4826 -1.5148 -0.0091 0.5477 -4.4057 2.2886 0.9705 1.1340 -0.1945 -1.1137 0.3315 -0.7052 -0.3417 -1.0390 -0.0997 1.2073 1.5074 2.0856 0.1173 -1.0076 2.3840 3.7026 -1.4128 1.7094 -3.6360 4.9284 2.1939 -3.3823 0.5622 -3.3390 -0.0321 -1.6332 -1.2369 -1.0686 1.4875 0.3846 0.2204 2.1332 -2.6360 1.1725 -3.0658 1.7156 0.1086 1.6197 -1.4262 0.5987 2.3427 -1.7169
-1.3594 2.5203 -5.0372 0.5275 3.2990 1.7303 -2.2563 3.2895 0.1987 2.5645 2.7309 0.8152 -0.8664 -1.9963 -2.8192 1.9945 -1.0405 -1.1198 -0.8516 3.7213 -1.3700 0.1184 -2.5544 -3.5066 -4.6772 4.7789 -1.8776 -5.3900 0.3262 2.7075 -1.2380 0.2852 0.0288 4.5109 0.2697 1.1728 -2.9721 2.8600 -0.7644 -1.2747 3.9665 0.3275 0.7995 -1.0691 0.3518 -1.3794 3.2437 -5.5463 2.3186 0.6411 0.8528 -0.8580 -1.5478 -0.0682 0.4440 -0.0438 1.3723 2.0626 2.6139 -2.5245 0.1903 1.7131 -1.8636 1.4688
-1.0789 2.0883 4.0198 4.5026 6.6838 -2.6963 -3.5655 2.9379 0.4082 3.5604 0.9374 -0.6311 -2.3398 5.7279 -0.5878 -0.6818 -5.5054 5.7782 -1.8415 -2.4861 4.9589 3.5356 -0.3710 1.4139 -1.0460 1.7513 -0.9872 -0.7652 0.0373 -2.1473 -1.5687 1.4966 2.3422 1.3695 2.5283 1.9248 5.2815 -0.0390 -6.5008 1.3935 2.3555 9.7570 0.4411 0.7173 -3.6901 1.0509 -3.0778 5.1226 -1.4654 0.9445 -3.5286 1.8999 -1.7808 -1.0097 -5.5077 0.1623 -0.6673 3.2904 -0.4689 -0.2738 -5.2999 2.5255 -1.0132 -5.0844
-5.4025 -5.0853 1.9518 0.7719 -2.2400 3.2322 -0.4431 -2.2193 -0.4350 -0.6110 -1.8356 -0.4263 2.4916 -2.2694 0.1133 -2.4024 1.7215 0.3576 3.1653 2.0648 1.0717 4.7799 -0.6652 1.9775 -0.1046 1.2754 -0.5921 0.2532 3.0872 -2.7612 -2.6530 2.4801 -5.2847 2.7996 -0.1925 0.2131 4.1010 1.4092 0.5182 1.3434 0.0599 2.9297 2.9376 -6.3564 2.4775 0.6424 1.8502 -0.1451 1.0371 -1.7811 -1.5517 -0.8976 1.8383 0.5145 -0.7758 -1.3651 3.0223 -2.0327 -3.4348 -0.4282 1.7999 1.9914 1.8713 2.2637
3.3896 -1.6544 3.5476 -0.8258 -2.8237 -1.8592 0.3589 -5.5402 2.1943 5.0919 -5.6145 2.5805 -1.2830 -1.3046 -3.0376 -1.0700 -3.5521 -0.4301 10.9616 -5.0578 1.6157 0.4480 -4.9033 2.5407 -2.3101 -1.1621 -3.6608 2.7553 -1.0827 -1.1878 -1.6706 -1.8436 1.5658 1.2954 4.5234 -0.6166 2.1378 -3.0777 2.5204 0.7963 0.7572 4.9489 5.1592 -0.2902 -0.2969 1.5019 -1.9183 -3.3186 -2.8816 1.9288 -1.4421 0.2270 5.5023 4.5651 -2.3140 -6.4195 -1.0150 -0.5905 0.7218 -3.4772 -2.1574 2.7733 1.3814 -4.8385
2.8010 1.8203 1.4922 -3.6142 -1.8536 1.7458 -2.1416 1.0895 -1.3911 -2.1664 -4.1634 -1.0906 -1.9723 0.2398 -2.9512 3.3873 5.2176 -0.5713 -1.2613 2.5142 -0.1150 -1.8413 2.3678 -1.9017 -0.7664 0.9886 -0.4465 -0.2676 -2.0902 -3.2037 -1.9005 -5.1753 1.2641 -2.0442 0.7601 1.6051 2.5263 -1.2963 0.6255 -1.8001 -0.8546 -2.4317 0.1061 2.3271 -0.8527 5.5767 1.1760 0.6124 2.7882 2.6753 0.1281 -0.2448 -4.1034 2.3729 -2.5603 -0.0091 6.9777 -0.2291 1.8016 1.6974 -1.1427 -0.6716 -1.0390 4.3080
-1.7979 6.7259 3.4181 -1.3307 -1.3180 -2.9904 4.2359 -0.7109 2.7224 -2.2579 -3.5310 -4.2472 -0.4423 -1.5771 -2.3529 1.7137 0.4610 -4.8286 -0.8938 1.6304 3.1251 2.5819 2.8182 1.5205 2.0394 -3.0704 -1.1866 -0.7857 -0.3885 1.1855 -0.5847 -1.5815 -3.3032 -2.8913 -4.3043 1.0315 -1.3086 -1.5519 2.9600 -4.6377 2.2240 -6.2984 0.1643 -0.4833 -1.1233 -1.3953 -5.5973 -3.2930 1.2397 -0.4743 -0.1719 2.4364 -1.5701 -2.4754 0.9424 -1.9521 2.5159 -0.2345 -3.4221 0.0949 -2.6730 -4.5185 -1.2828 1.4103
-1.2248 0.7750 0.9640 -4.1291 -1.1970 -0.9107 2.8434 -0.8935 0.2196 -0.9656 -0.5132 -2.7402 -4.8087 2.9171 -4.6088 2.6513 2.2123 6.2628 -3.9605 2.3871 -0.1129 -2.0770 1.2570 -1.1244 -2.8713 -2.5341 1.9756 -1.8306 -0.4393 -1.4752 -3.3883 -0.2325 0.5766 -0.0283 -2.0283 -0.7710 2.8830 2.6747 -0.2586 -0.9603 -1.9032 -0.6764 -4.9696 -1.1222 -4.7972 -0.1844 -2.5498 -0.8062 4.4810 4.5522 -6.1184 0.8133 -0.3654 0.7777 -0.5987 3.8636 -2.4274 -1.0166 2.2949 -0.0950 0.1797 -1.3267 -7.1638 -3.5225
0.4253 -3.3083 1.1418 0.9890 3.1500 0.0098 -2.1366 1.9617 0.5998 -1.7627 -0.9239 -2.8375 2.3192 -0.1727 3.8346 -2.9419 -0.3161 -3.5946 2.4371 -3.6605 -2.8719 1.8996 4.2631 2.6786 -1.8438 8.3345 2.0689 -2.5133 -0.6636 3.1149 1.3657 -2.7368 -2.2630 -2.7578 0.1516 3.8758 0.2772 2.8923 5.8022 3.7622 1.0555 5.4660 -1.1312 0.1409 -2.4095 -2.4051 1.9376 4.6770 0.0335 2.3499 -0.8225 2.5125 -6.9623 -3.8567 0.5052 -1.7656 -0.4393 -0.8228 -0.6841 -6.6027 2.3742 -0.7330 -0.3551 0.1101
-1.6431 0.3450 -0.0336 -1.3928 2.1234 0.3893 3.8157 4.2839 1.1017 -0.4544 1.5679 -3.8161 2.1176 1.7792 -1.7294 -2.1007 -2.2914 0.2838 1.3810 2.8057 4.1023 2.0403 -0.2577 1.7428 -4.5966 1.4169 1.6657 -1.6619 -0.4492 1.7075 -2.4943 1.9056 -0.2163 3.7135 -2.3959 2.4504 1.0066 -1.3542 -0.6739 2.0764 0.9656 1.7590 0.9696 0.3243 0.1923 -2.3082 -1.9001 -2.5760 2.6241 -0.2494 -2.3435 -1.5471 2.5410 -1.5525 -2.6421 -3.5377 1.3834 -0.4299 -0.4437 0.0118 2.9856 -2.2333 1.6700 0.7641
2.5253 1.6647 1.3655 1.4606 -4.9989 -1.2328 3.5142 5.0315 1.6660 -7.4079 -2.1079 3.5470 -3.4874 -2.6019 -1.5394 1.1651 -1.4753 -0.1842 1.0779 -1.0000 0.2705 4.7121 0.6769 -1.8969 -0.7948 1.0850 1.3218 -2.2268 2.6637 3.0219 4.7654 0.4006 2.3002 4.3607 0.7437 0.0279 0.9032 3.1476 4.5050 0.2845 1.7380 1.5480 -0.2280 5.5388 5.4885 0.0659 3.0287 3.0067 -0.4192 -1.5388 2.5400 -6.1275 0.1955 2.1031 4.0650 -0.9143 -5.2721 0.9699 1.3781 0.5244 1.7578 1.5485 -1.5021 -1.7120
1.2623 -0.9951 2.3823 0.0775 0.6093 -1.6324 -1.2725 2.6062 -0.7623 -0.5859 1.1328 3.7240 -3.0910 0.7497 -0.9609 -0.0732 -3.3899 -0.0076 -0.6627 -0.2302 -3.6137 1.0782 -1.1136 -2.2979 3.2810 -1.0060 -0.3823 -2.7326 1.9186 5.5633 1.8469 -0.6091 5.2022 0.1552 1.0899 -4.5705 0.3097 2.2749 0.3019 -3.0020 -0.0776 -0.2495 -1.0012 1.1625 1.5195 2.3221 0.5839 0.1589 -1.7888 1.8066 -2.0271 -0.8741 0.9183 5.4909 4.2584 1.3123 -1.0244 -0.0016 -1.7066 -4.5827 0.7082 -1.3649 -3.2824 1.1468
-3.4509 -4.2975 -4.7346 -0.8884 4.6603 -0.6456 -2.9446 -2.4840 0.4992 1.4041 -3.7870 -4.1274 5.2505 1.1225 -0.3877 -1.4546 1.5561 -0.6572 5.0905 -1.2653 1.2830 -0.9975 3.1248 4.7147 -0.7097 -2.2866 -0.6153 1.2884 -5.3397 2.7795 -0.3329 -6.9457 -2.4764 -3.5874 1.0569 0.9698 -0.1241 0.7844 0.1414 2.2143 3.1068 4.6742 1.1868 -4.7364 -3.4602 0.9754 -0.2260 2.6751 -0.3737 -1.4302 -0.8929 3.1696 -1.0968 -0.6646 0.1605 -1.6867 4.8510 -2.0647 2.8418 -0.0503 0.1652 5.4770 0.8445 3.3266
-0.1213 -0.7748 0.0971 -1.2215 0.3087 -1.9973 -2.1827 -0.7820 3.0546 -0.2476 2.0748 -0.8841 -4.8918 -0.2633 1.7100 0.3355 -2.4898 3.4836 0.9856 0.9566 3.5431 -2.2957 0.8649 -3.7099 1.4048 -2.2928 2.6674 -2.9207 1.2542 -3.0834 2.0698 0.2656 4.0963 0.2243 -0.3026 -0.6652 4.2607 -1.8351 0.8884 -0.3699 2.3935 3.4070 1.9775 1.5379 0.0625 -3.0320 5.3864 0.4037 2.5595 0.9639 -3.8249 -3.5064 -0.7292 2.2641 -4.6867 0.8387 -0.0229 -1.4976 -0.1101 -0.0224 4.0653 -2.1294 -1.6296 -0.1353
3.8488 -0.9554 0.4390 2.3250 2.6845 0.8586 0.0507 6.4564 -0.7660 1.0700 2.1869 -1.3602 -2.8414 3.3331 2.5191 -3.3307 1.1716 -3.9635 3.3996 2.3642 -0.1260 5.3020 1.0644 0.1277 -2.8829 1.1943 0.8230 1.8532 -4.3382 -3.3727 2.6480 3.3474 -0.1055 2.1744 0.9212 -1.6884 -3.6869 -1.5912 1.8690 -1.8612 -1.4370 0.7388 2.6281 -0.2468 1.6129 -1.3200 -0.7687 -4.2594 0.6666 1.9790 -0.5151 -0.3992 -3.8726 -3.5969 0.1624 -2.8420 0.5456 1.5380 2.6119 1.8214 1.0628 3.3502 -2.8921 -3.1250
-2.4852 1.0040 0.8763 -0.1641 0.5070 3.8379 0.8879 -4.3435 -1.7742 0.2504 2.5899 -0.3996 2.3608 -4.1934 -1.4104 0.2547 3.2880 0.4041 -0.0764 0.5967 2.5062 -2.2887 -5.0942 -0.3764 -3.5080 -0.7149 1.7277 3.0731 -0.8924 -1.8665 3.3131 -1.9070 1.1952 -2.8009 2.8528 1.0405 -7.4667 -4.2440 1.6993 -2.9678 -0.7607 0.5185 1.5367 1.3486 3.9471 -0.4905 0.9741 -1.6647 0.2047 -2.5501 0.6874 1.4090 2.0236 -0.2091 0.6012 -0.8790 2.9461 -4.2098 3.0040 4.9620 2.8601 4.8555 2.1964 -0.7409
-1.3824 2.5469 4.1013 2.7303 4.8886 2.1868 -0.7462 6.1980 2.4350 -1.2258 1.5067 -0.5376 1.8571 3.3971 -0.6512 1.3024 -3.4541 -4.6976 -7.7193 -0.9344 -1.9466 2.5768 -1.6456 -0.5883 -2.1749 2.0044 -1.9926 -3.0398 -0.1819 -1.0681 -3.0008 -1.9266 4.3017 -0.1842 -1.6909 2.3547 -2.8158 -1.9128 -1.5431 -1.8262 0.1335 2.4284 -2.0303 5.6290 -2.5254 -1.5072 -4.3353 -0.8282 2.5135 -0.6663 3.2006 6.9736 -1.8235 -4.5732 1.2944 3.6053 1.8210 4.7529 -2.8815 -0.0726 -2.0828 1.0330 -1.5869 -0.6050
0.4338 3.4231 6.0055 3.7911 1.2875 -4.5410 -0.5286 2.0421 0.2823 -2.5970 0.4463 1.2182 0.0556 3.2703 -2.8017 4.5406 -2.6812 -4.8260 -2.0087 -1.9624 -3.1795 2.1003 2.3997 -1.1380 -1.0495 3.5040 1.7691 -0.3218 1.0229 0.1836 0.6759 0.8516 -3.2616 -0.2712 -3.4213 4.2679 -0.0763 0.7534 2.3287 -0.8325 -3.4351 -1.1647 2.8050 2.8129 1.4337 -1.6385 -2.3829 0.1276 -1.2381 2.9562 1.1980 2.5640 -2.6703 -3.0166 -1.6263 4.5545 0.7447 -1.4681 -3.2991 0.1006 0.2386 -3.1770 4.0093 -1.0529
-0.3397 -0.2286 -4.8661 -2.8673 -4.4110 -1.9068 0.1637 -3.4536 -1.4952 2.9971 0.3394 -0.4767 0.1776 1.6789 -5.0392 -1.7887 1.1732 -3.2843 4.0682 -3.6018 -0.4972 -2.7199 -2.5793 3.1086 0.0051 -1.5123 -5.3882 -1.1231 0.4382 -1.9272 -5.6982 -0.9651 1.0444 -0.0341 -5.2582 1.9250 0.7760 -3.2380 2.5188 -0.8208 2.5780 -2.7966 1.7843 -4.2446 -2.8900 1.0300 -1.5719 -3.7285 2.6831 -3.9196 0.9243 3.8430 -2.2800 3.1787 0.6349 -2.3551 0.8052 3.3028 4.3714 -5.6366 -0.3100 -4.0145 1.0719 5.0276
3.7232 -2.5152 -0.4192 -1.7004 5.3666 0.5988 -0.1033 0.7132 -2.2485 -0.9212 -2.5627 -2.7082 -1.4154 3.4757 1.7654 -1.4612 0.6249 0.4643 -2.9563 -1.6796 -2.4717 1.7176 -3.1312 1.3237 -0.1795 -1.3398 0.4950 -2.6584 0.6029 -1.8341 -9.5047 2.1748 2.4854 4.9289 0.2636 1.6771 -4.0757 -0.3358 -0.0015 -2.7523 -3.6253 4.6164 1.6397 2.2377 -3.2795 1.1940 1.2747 0.2956 2.3619 1.1680 -2.1040 3.4752 -2.6688 1.3110 -4.8915 2.3987 3.0791 1.6906 4.6746 -4.0706 1.5122 -0.6589 -2.1134 0.4021
1.8978 -2.3280 -0.6699 0.4160 1.4731 -0.4330 -3.0594 0.8917 -3.1460 2.9156 -0.9904 1.3794 -3.7249 -3.2949 -1.4551 2.5595 -1.2658 2.1525 4.9916 3.3217 1.1193 1.2088 -2.1565 0.2488 3.2148 3.5185 -1.8894 -5.1982 0.0638 -0.0693 3.2025 2.0652 0.0866 -0.5482 3.5408 -2.9284 3.9093 3.7961 -0.9698 0.1333 0.4119 -0.0942 1.2764 0.6624 -1.8775 0.2297 3.8783 1.7356 0.9116 3.2868 -4.1363 -3.0502 0.5307 0.5671 -2.1168 -0.5528 3.2144 -2.2223 -5.9575 2.0428 -0.8284 0.5576 -1.7367 -1.2098
-2.1557 -4.4459 -1.2201 -0.5252 1.3346 -0.0941 -1.1092 -0.6732 -2.5825 -2.2861 3.9138 1.0436 2.9222 -2.4668 -0.7861 -2.3554 -2.4828 2.8815 1.5281 4.1508 -0.9185 -2.2324 0.6403 -3.9709 0.6513 0.2882 3.4371 -1.2649 -0.0413 -1.6793 0.2700 -0.0236 0.0588 1.3400 2.5387 -5.0038 0.7306 0.6571 -1.2357 0.3642 0.3937 1.2960 3.0150 -1.7151 -0.2415 -3.2436 3.0746 1.1941 2.4076 1.9214 -1.1738 -3.8399 9.9447 2.2553 -0.5156 2.8637 -0.4964 -3.4806 2.2073 2.9057 3.1124 0.4692 0.0311 -1.0387
-1.1896 -1.1228 -0.4002 -2.9692 -0.0665 2.6871 3.3139 2.9138 -1.2243 -1.5492 -2.1003 -3.4807 -1.6704 -1.4879 -1.0558 -0.3406 4.6946 2.6467 0.2944 4.8929 -0.2938 -3.1381 1.1496 4.6368 3.3942 2.9968 1.3192 0.2815 0.5261 -0.0454 0.0959 -5.2842 -2.6511 -4.3529 -1.9785 -0.4538 -4.2313 1.7227 -0.2125 -3.2102 -1.4476 -2.1554 -4.3831 3.2301 -0.9434 -0.9097 0.3232 -3.3636 6.5740 3.5913 2.1654 -2.1504 -2.5371 -2.0596 -3.3720 -3.7242 0.6410 -2.7318 0.2306 1.8181 -4.9495 -5.6738 -0.0265 1.4041
4.0432 -0.0984 -1.8872 2.4428 1.1608 -2.6207 -2.8360 4.1708 -0.0757 1.7747 5.2070 4.9644 -2.5310 -1.8340 -1.4473 2.9164 3.6164 4.4010 0.7190 1.2841 4.4697 -2.1944 -0.1149 -3.9452 0.6396 -1.0468 0.5819 -0.5058 2.4742 -3.5737 -0.3585 -0.9271 1.2436 0.7814 0.3544 -0.2940 2.0597 1.7919 0.8478 -3.9601 3.8628 0.9068 0.9225 1.5139 1.0283 -2.8586 0.8257 1.3411 3.5708 -3.4389 -1.8653 -0.5315 4.2605 0.3935 -2.6337 1.4340 6.1582 -0.2078 -0.8950 -0.1734 -6.3886 1.3483 -0.8853 -0.7349
1.5353 2.2425 -0.5303 -1.6386 3.4148 3.2478 -3.2877 2.1470 1.0589 -1.2601 -2.8574 -1.7229 -1.1679 0.6146 0.1323 0.9158 2.3888 0.9416 -4.4805 1.6649 5.0881 -2.2908 0.7728 -2.8417 0.8463 -0.4521 0.4756 -2.8831 -0.4599 -0.4126 -4.5288 -1.8909 -3.3228 1.1626 0.8550 6.1596 -0.2240 -3.8540 0.4700 -0.1666 4.9296 -1.0418 -2.2129 4.2286 1.2478 -0.4437 1.5365 3.3854 1.5591 2.3796 5.5833 -1.0495 0.3558 -3.5774 0.7316 2.2680 5.1832 1.2592 -2.2527 0.9852 0.3702 -2.7042 1.0385 7.7643
-4.7275 -2.2773 -2.1963 -4.1266 -1.0072 5.0097 -1.9694 -0.6595 -2.2290 -2.4574 -2.6442 1.7926 2.5845 3.6319 1.7540 -0.6323 2.9565 5.7215 -2.5684 2.1176 4.4190 1.9395 4.3791 -2.3156 2.4624 1.2393 0.8941 -2.6619 -2.5679 -0.8324 -4.0716 0.7395 -2.0213 -1.0315 0.5306 0.1741 0.0129 -3.9472 -4.6375 3.6162 0.9209 -0.9413 -2.8988 -3.3933 1.4122 0.2870 -1.8560 1.3738 4.7896 -1.0566 4.6255 1.3223 1.1126 -2.6189 1.1784 1.8081 2.2091 1.4391 -0.6760 4.4760 -1.1883 -0.1086 -2.2268 4.2552
-0.7953 1.0714 0.2358 -3.7659 -5.0698 1.7489 4.2357 0.9204 2.4132 -1.8361 0.6205 1.5762 -2.0735 -1.8268 -1.6106 2.3881 4.0203 1.4072 1.8993 -3.0237 0.4051 1.3684 1.4186 -0.3253 -3.7812 0.4771 0.9608 2.7902 -1.2036 0.5645 1.1692 -0.5552 -1.8237 3.4632 -3.1539 -1.2381 -2.3950 -2.8673 1.3418 2.3258 0.5704 -5.9249 0.5607 -0.5114 -1.7357 3.7626 -1.4285 -5.3323 2.9196 -1.6729 3.8009 1.1524 1.3219 -0.0607 4.2169 -3.5468 -1.8343 0.2606 4.9080 -1.5773 -1.0318 0.8084 -2.9629 -4.1805
-5.3988 -4.1431 4.3325 -0.9990 -1.3083 0.8940 -2.8672 -1.9055 0.1657 0.1016 1.9523 -0.3543 2.9511 2.3051 2.0371 -5.0006 -0.5540 -1.2032 1.7165 -4.1180 -4.6258 2.9327 -1.2305 1.5168 -0.0892 1.7764 0.3052 2.0905 1.7114 -1.0301 -2.2124 1.4440 0.8857 1.2810 -0.6649 2.5189 -0.9421 -3.2095 -1.4202 -0.3750 -2.9958 1.1593 1.4970 -3.9655 -1.3378 -2.2826 0.4210 -0.3636 2.6355 1.1711 4.6472 2.2844 2.4311 3.4740 -0.3912 1.0194 -5.7472 -0.6792 0.9365 -1.8764 1.0822 2.2930 1.3426 -1.3768
-1.7741 -3.2471 -1.0830 -2.9910 -0.6717 -1.3230 -2.4392 0.0155 0.5435 -0.1178 -0.6931 -1.9165 -2.3702 0.9422 -2.4758 -0.7219 1.6155 2.2900 1.2239 1.8065 0.7696 0.2645 3.1191 -0.4504 2.4822 0.2990 -2.7322 -0.6488 1.2281 1.7605 -1.7817 -2.6335 1.8375 0.3414 -1.0764 0.1996 1.3226 2.5361 -0.5392 2.0526 0.4849 -0.1433 0.0807 -2.9976 -0.3895 -3.1918 4.7767 0.4565 3.6609 -0.1364 -2.6880 -1.6093 -2.0603 3.2404 0.2588 -0.2983 -1.1583 -1.6420 1.7542 -3.4178 0.9271 -1.0345 1.1271 2.2405
-1.7660 3.0095 -1.7499 -0.3855 1.9868 4.4403 0.0361 0.2547 -2.1991 2.2944 -0.1200 1.2721 3.8560 -3.9513 -0.5723 2.9995 -0.7046 0.7301 0.1029 2.0997 4.9182 -1.2160 0.0527 -3.6232 -0.0998 2.7279 -0.5345 -3.4363 -2.1297 -3.0349 2.2004 -3.4503 -6.9489 0.9302 3.9221 1.2338 -0.1253 -2.3095 -2.3320 4.2816 0.1591 -1.0460 -1.2636 3.3130 5.5226 1.9296 -1.7160 -4.0126 -0.5889 2.6639 -1.8991 -1.5406 5.1910 -1.7789 0.6306 -2.0891 4.2158 -0.2269 -3.9753 3.9706 3.9899 0.7850 -0.6564 0.7143
-3.1597 -1.7905 0.7809 1.5081 -1.7413 -1.8819 -4.2538 -1.2914 5.2589 -1.5042 1.5747 0.3006 2.0284 1.8189 -0.5539 -1.0440 1.8409 2.0225 -0.0685 -4.4746 0.2315 3.3115 -0.1353 1.2990 -5.5865 0.0575 -0.4413 2.5209 -1.1573 2.5537 1.3362 -0.1745 -0.9958 2.2385 0.3824 2.6649 3.6435 4.3073 2.0664 -1.4612 0.1364 5.6250 7.0301 -6.0857 0.6112 -1.5689 1.3016 4.5173 -0.7344 -5.2490 1.6499 2.5692 1.4504 3.1126 2.8817 0.8438 -3.0149 0.9511 2.4050 -0.7985 -2.4996 6.9551 6.4020 0.2696
-1.0960 1.4205 -0.1627 -0.0028 -3.8330 2.2984 -1.1452 -0.4835 -1.3549 2.1188 -3.2264 -3.3540 3.8069 -0.0886 0.6447 3.5310 2.3080 -9.8328 0.1165 0.3414 -2.6729 0.0232 1.6896 -7.0440 1.6088 1.0704 -5.0155 1.9441 -0.3039 3.2759 4.8401 -0.0365 -0.8629 -4.5133 1.1096 -3.0210 -2.2712 -1.5819 -2.9693 -1.9991 0.8368 -3.9054 -0.6299 3.6449 0.2355 3.9690 -0.1491 -0.5057 -1.1811 -0.2014 10.1982 -3.8841 0.8548 -0.5997 3.7768 -0.0758 -0.1921 1.4824 -1.7832 4.0034 -3.6342 -1.3799 1.7710 0.3206
-1.8014 -0.0557 -1.8465 1.4197 1.0259 2.9683 1.4712 2.5452 1.8280 4.7277 2.3639 -3.9619 3.7590 -3.4256 1.9714 2.2649 2.1073 -1.7941 -0.1024 -1.1800 -1.8191 -3.4450 -1.7890 0.2895 -4.4941 -0.4640 0.4805 0.9325 0.1699 2.0809 -1.1071 -3.3515 -2.9204 2.2975 -2.2280 -1.7437 -3.2711 5.2944 2.3487 1.8369 -0.0902 3.1260 0.1359 -1.1440 -0.8416 -0.6936 -0.9352 3.1409 -3.0880 -0.0165 -0.5923 3.3921 -3.8406 -0.9123 -0.7910 -0.8577 2.0566 1.5095 1.3804 -2.3009 0.9119 2.2398 4.2540 -2.4827
1.5550 -2.7320 -2.6180 -3.4122 -0.4357 -1.5737 0.7833 5.6165 -4.5463 -0.0113 2.1782 -1.6809 -0.5241 -3.1548 -2.6879 -0.2103 0.3593 2.4851 -1.4928 8.6674 1.4314 -1.7745 2.7833 -3.3053 -2.1781 -2.1809 0.1704 0.2233 0.8405 -1.5231 -1.1851 0.6435 1.8279 -1.5569 1.6117 -0.5421 3.4217 -0.7401 -2.3113 -2.2398 2.2843 -0.3749 1.5158 0.8555 2.6589 1.6888 1.7564 -0.1131 4.6886 2.1577 -2.0759 -2.0786 5.0861 0.7665 -4.4683 0.8410 1.8721 -2.3664 2.0839 2.0246 -0.5707 -3.0194 1.1776 2.1667
