0
64
64
-6.1990 0.2297 -1.1238 3.8291 1.4542 1.9967 -0.7678 3.4883 2.2334 4.6382 2.5015 -0.7268 -0.1050 -2.7703 1.8982 -1.1489 -1.4812 -2.7915 -3.8843 -0.6049 -3.5999 1.3347 -0.8320 -3.4076 2.9116 0.6052 -0.7169 -8.6848 0.0826 0.3897 -3.3038 4.5585 0.4131 0.5152 1.0891 4.8124 -0.1993 0.3210 1.4791 3.9994 -0.6944 -2.3819 -1.7029 -3.0583 -0.3232 -2.0750 4.9046 -0.8417 0.4941 0.9624 3.4041 2.3706 -1.0154 1.2015 3.4830 4.7345 -1.7843 -3.2012 -4.7796 -1.1521 1.5682 -4.1816 0.7748 -0.6849
-3.7933 -2.3611 1.3347 -2.4447 1.0213 0.9126 2.5898 -2.1660 0.5912 2.5437 6.3731 -3.6289 1.8892 4.1403 4.5459 -2.1718 0.9786 -1.1310 -0.8660 0.2108 -2.7811 -3.2706 -0.0270 1.9568 4.2238 1.5040 0.7294 0.8587 2.4406 -3.4636 -1.5814 2.0202 -0.5379 -0.1727 -4.1599 4.2561 -0.1595 -4.1604 -1.3270 3.2063 -0.6346 -1.5902 0.0988 -1.9575 -3.0424 -4.1308 -0.9277 -0.8300 0.8122 0.4804 -1.9837 1.0579 -2.7022 -1.3757 -2.2975 -1.7289 -0.9877 1.4070 -1.0734 -1.6229 0.4822 -2.4686 1.2212 1.4928
-3.5858 -3.4080 -0.3127 6.0103 3.8633 -1.9606 1.1682 -1.5620 3.3450 -0.1924 -0.5903 3.6985 3.8535 -3.7520 2.7485 1.5963 -4.1080 -0.1900 -0.3732 -1.6636 -3.5599 -0.6374 0.4744 -2.6070 0.2571 2.8211 4.1061 -1.0565 5.1950 4.5372 -1.2348 -2.1170 -3.0646 2.3362 0.5704 2.9729 -3.3116 -0.9052 4.3316 -0.1113 3.1486 0.3941 -0.8757 -2.6400 4.3847 -1.7295 1.3866 2.8350 -1.5086 2.5606 3.0701 -2.1478 2.6770 3.0108 4.1417 2.7932 -2.4896 -2.8177 -2.5309 0.2555 5.4955 -0.3811 0.0894 -1.7018
-5.9508 -3.5266 4.1594 3.3145 -1.0127 0.8933 1.5408 2.1698 1.8199 -1.7657 -1.3978 -1.8317 2.6627 0.0052 -0.1271 -0.2888 2.1740 -1.9979 3.1239 -1.1616 -3.6370 2.0953 2.4428 -0.4638 3.0198 7.7778 -0.7868 -0.7962 -0.8282 1.2843 0.6507 -4.6052 -0.5907 -0.4103 2.8127 3.9777 3.5088 -3.3335 0.4322 0.7850 -2.0476 -0.1234 -4.1387 -3.4972 0.8796 4.1715 2.4040 -0.6459 2.1695 2.5036 -0.4419 1.0315 -1.5141 3.0743 5.5435 -0.9326 -5.4889 -0.4499 -3.9310 -1.8098 6.2241 2.0865 -0.0667 -3.4537
-0.8018 0.7091 -1.0184 1.4397 0.1962 -0.1541 -0.1131 -1.0764 2.6215 0.8254 -0.7639 -2.4630 3.0463 3.3510 -4.8900 4.8634 -4.2220 -1.8257 2.0447 3.4112 -0.3264 0.0970 -2.0063 -2.4139 1.3493 0.4642 -3.6680 -2.9274 -4.2266 0.3795 -3.2741 -2.4118 -1.9095 1.4043 -2.3530 2.4465 1.1712 -0.6003 4.5340 2.9222 3.9253 1.5025 -0.6214 -2.2950 0.3855 -3.7697 -2.3840 0.3938 -1.8478 -0.7751 -0.4212 -1.1729 5.4703 -0.6135 2.2757 -1.6647 3.4746 -0.3309 -0.0134 -0.9708 0.5740 0.8778 -0.0803 0.7152
-6.5309 1.9801 2.6341 -5.4786 -2.7103 6.2995 1.1070 -4.0980 1.4456 4.6984 0.2315 -1.8212 0.0637 -3.0369 0.3290 -1.6855 0.2475 -6.9218 -1.2257 -1.9875 -5.0547 4.6349 -0.7341 -0.3215 -3.6584 4.3152 -4.1876 -3.5930 -0.9734 1.1565 -1.8924 2.6032 0.6707 3.4309 -0.6124 -2.2371 0.8125 -0.6207 2.2227 -0.9300 1.8808 -2.2368 0.2866 -1.9378 -1.4819 2.5902 -4.6863 -3.2995 -1.6129 1.5745 -2.5835 -1.2750 -0.4852 0.6094 3.8835 -1.5249 -2.1233 0.0647 -1.0821 -1.3741 -0.4303 -4.2370 -0.4008 -0.3591
1.7250 -0.7187 -2.9080 2.4277 2.3068 1.2630 1.5789 1.0680 0.9888 2.8688 -2.5700 -2.2673 -2.4794 0.0582 -2.3579 4.2170 -1.5796 -1.4953 -1.7709 -5.0649 1.6773 -2.0879 -1.5266 2.7438 -5.4746 -1.7264 -2.4085 1.7797 0.7336 3.3499 2.3793 1.3580 -0.7693 4.2683 -0.3949 3.5918 -0.4592 0.2978 0.2143 3.4226 -1.0052 0.1382 -6.1665 0.0940 -4.1168 2.5002 -0.9699 2.7999 -6.7868 -2.5965 2.7471 3.2129 -2.4437 -1.8220 4.6017 2.7596 -0.0105 3.6568 1.7391 -0.8478 0.5164 0.2780 7.2344 -0.7173
0.4764 1.2388 4.1541 3.7356 -2.3380 0.1421 1.3180 3.4801 2.7721 1.6319 1.6862 -3.4215 -0.7176 4.2149 -1.8923 1.9906 -1.0783 -1.2600 -3.2941 -0.1925 -1.0927 3.4080 0.4228 0.9256 -0.6298 1.8019 -0.7335 1.2156 0.7413 -1.2746 -0.4136 -1.2049 -0.9384 3.8680 -4.8771 1.4677 -2.1622 0.9747 1.9576 -1.3933 -0.4878 -0.9252 -2.3916 4.8326 2.1033 1.8558 -9.9204 -0.9773 -1.3139 0.0986 -1.2003 1.4101 -4.8461 -0.5658 -2.5117 0.3154 -3.7036 6.1878 -2.3088 2.4854 -1.5749 -2.1261 0.6225 -1.2844
-3.3299 -1.4737 -0.2608 2.9308 -2.8314 -3.3457 1.3642 -1.9182 -1.0942 1.0205 1.4196 -3.2051 4.9028 0.0664 3.6241 -4.5367 2.3594 0.2984 1.3440 -1.6887 -1.8083 2.8018 3.6390 -3.1845 2.8695 2.7041 0.8339 -2.1253 1.7054 -3.8795 -2.0700 1.3774 -2.9568 -1.2658 -0.1793 1.4976 0.7948 -3.4624 1.7867 0.8884 -1.5194 1.5721 1.1040 -0.1418 1.3060 3.5626 -0.1534 0.3404 -1.3671 -0.9890 -2.8212 -1.9818 -3.5322 -0.2394 -2.2235 0.5341 -3.6408 -1.9378 -1.2241 -0.6820 5.1307 1.2917 -0.1082 -3.1681
0.4720 -0.6382 2.6187 -1.9247 -0.0079 0.1545 -1.0521 0.5393 -0.7852 -1.9012 -1.9250 -2.3164 -2.5296 3.0181 4.3624 -5.1150 4.1586 1.4227 3.9040 -3.5072 1.0247 3.0463 3.1873 1.5473 -2.7257 4.1398 0.5472 -0.7123 -3.9045 0.4953 -3.9520 4.4687 3.4171 1.3215 3.2451 4.2785 2.2970 1.5204 1.3728 -2.8899 0.5856 4.0034 1.9597 0.8029 -5.7053 -1.5986 -0.0663 5.4502 1.5244 -0.9698 0.7077 1.6934 -5.4150 0.4632 0.7393 -0.2576 -3.1202 0.8165 0.3099 -2.5299 -2.1026 0.6283 -1.2877 -1.5020
-3.2184 2.7217 2.3592 3.1362 3.1302 -1.5494 -0.0445 2.0895 2.9216 2.5756 0.4342 -4.2870 2.2638 2.4858 -0.0372 -2.4300 -2.7189 -1.0520 -2.0670 0.2242 0.8935 1.8294 -2.7495 2.8677 1.4862 -0.1839 -3.9337 1.3688 -2.0609 3.0157 -3.6107 1.6466 0.9279 1.0791 0.2132 2.5962 -3.7319 -4.2388 -2.1856 -2.4829 -0.0830 -3.0695 1.5649 -2.7307 1.3957 -1.3821 -3.0581 -7.6169 -0.5745 -1.6903 -1.8700 6.5933 -1.1754 1.8513 -0.8976 -3.6614 -1.4965 4.8326 -0.6660 -7.0827 -1.2556 -1.5145 5.7732 3.9185
0.3642 -1.0178 -0.3289 0.2862 3.5590 -0.8592 -0.4961 -2.8998 1.8857 1.6790 -0.8793 0.2830 1.6751 -1.3495 -3.6090 3.3984 0.1655 -0.2453 -1.4472 1.0659 0.3168 0.6851 -2.6957 -0.9196 -3.0556 -2.4759 2.2908 2.8846 4.2909 -1.1222 4.2947 -6.3680 -5.0255 -2.0369 2.2842 -4.7146 1.1059 -0.6074 0.4894 2.1372 -0.4942 2.1276 -0.0990 -1.6361 3.7570 -0.0976 -3.0015 0.7837 0.0545 0.4016 7.2888 -2.8844 5.1474 -3.2055 -1.8695 1.8097 4.2108 1.5140 -2.4750 6.1495 -2.3901 1.2565 -0.5014 1.4990
3.9570 2.3669 -3.6704 10.2678 1.8364 -8.1199 -1.1063 0.1610 -3.1380 2.2749 3.6032 6.3374 0.4642 2.4600 -1.0965 3.1816 -3.8721 2.7873 1.0823 -0.1168 3.3258 -0.6710 -3.0167 -0.4636 -1.2974 -1.8795 3.6822 2.4643 0.7701 0.0533 3.2546 4.3612 -3.8000 0.0267 1.3229 0.1648 -2.1659 -1.2691 1.1302 1.9691 4.1124 2.5845 -1.2293 0.4524 4.2007 2.1465 -2.2173 5.1122 -7.3010 -4.8641 1.9345 -2.9178 1.2574 -5.5654 -2.1771 2.2047 1.2409 -3.0855 0.9589 2.1993 1.7699 3.7847 0.7297 -2.0723
0.1352 2.5229 -0.8198 -1.7258 5.0248 -2.1964 2.0720 2.2229 4.0021 -4.2701 -2.2898 -0.0420 -6.7979 -0.5044 -0.2579 6.2062 -5.1507 3.7724 -3.6725 -1.4789 1.6686 -1.7039 -1.9646 -0.4410 -3.1354 -0.2653 0.8268 -3.3273 1.6109 4.6281 4.7376 0.0819 2.4584 0.1575 1.1821 -1.0225 2.3990 1.5972 -1.3426 -1.5681 3.3076 2.9489 5.0700 -1.0011 -0.7712 -2.1788 -1.8429 1.3037 2.4475 -0.1542 -9.7326 2.5314 0.5023 1.2081 -2.0710 -1.3445 1.9254 2.3470 0.1437 0.1184 -2.0052 -0.6889 1.4782 -1.2665
0.4427 2.3017 -1.0850 -2.9982 3.6203 -1.7621 4.6612 0.9465 5.2321 -5.4951 2.5519 1.4211 -6.4362 -0.6194 3.5232 -0.7067 -0.6155 3.9380 2.7995 -1.6094 -2.6415 -3.3668 0.3300 3.6818 -2.1647 -1.1576 5.0577 -2.7266 2.4737 -5.7815 2.7675 6.0186 -1.1664 1.6211 -2.0199 0.7787 3.6539 -0.6016 1.7103 -0.2146 -1.4533 1.2896 4.3816 0.9497 -4.4168 -4.0169 0.1180 -4.8132 6.0554 1.1580 -7.0451 -1.6825 2.9096 -0.7155 -1.8346 1.2701 -2.4083 -1.6842 -1.4284 3.5945 1.2658 -4.2206 -1.4148 -6.2291
-2.7365 2.4219 1.4180 0.1389 -0.4932 0.8697 2.9899 -1.3208 -4.1166 1.6518 -3.8036 0.1790 1.7292 -2.2713 1.5257 -1.5500 3.9760 -0.8556 0.9609 -1.4122 1.8535 -1.5455 -1.0045 0.9221 1.7564 0.4475 5.3209 -1.9917 -0.0378 -1.1202 -2.5988 0.6120 -4.6957 -2.5691 0.7969 0.3333 -3.5136 -2.6509 -0.3726 -0.2712 -1.9303 -7.2001 0.3214 1.5786 0.7010 1.1533 0.8882 -7.8435 0.5877 3.5447 4.0801 -0.2005 -4.8125 -3.9708 -0.3964 -1.9974 0.8340 -2.1212 -5.6452 -1.8030 3.6853 -2.4342 -2.3627 4.9398
1.5426 0.2448 -4.1994 -1.2373 -2.7800 1.3550 -1.9934 -2.9831 -3.3510 2.3465 -1.2426 0.8881 4.5529 0.2813 -3.5047 2.3100 4.0176 -0.3872 2.6505 1.8278 3.6504 0.6092 3.1448 -0.8835 -4.5226 2.6113 -0.1132 1.9995 0.9483 -0.1518 -3.2826 1.1332 0.3849 4.2992 2.8675 1.8450 2.6374 -1.3934 -4.7883 4.4859 3.3275 -0.5489 -3.0998 -1.3172 -0.6287 7.2592 -1.5079 -0.5279 -6.1272 -3.5464 -0.1205 -0.8807 -0.9958 -3.1286 -0.4305 -0.0763 0.9738 1.5265 0.0749 -1.0872 5.4511 2.9692 -2.3071 -0.2195
1.8182 -1.3049 -3.1666 -3.0363 3.9163 0.0385 3.0010 -1.3039 1.1671 -1.7196 -2.2759 -1.5670 0.9211 -0.7316 2.0316 1.1185 -1.0993 3.3297 -4.3232 1.7494 -0.5139 -2.9530 0.1989 0.0211 -2.9155 1.4825 1.3396 -0.0722 2.4228 0.4631 -2.1405 -5.0752 1.6564 0.5883 -2.0214 -0.8273 -4.7799 -0.4740 0.3503 2.0190 -2.0342 -0.4337 -2.5749 0.7681 1.0467 -2.0127 0.1143 2.6552 3.9571 1.1515 -0.1541 0.1226 -0.3403 3.7736 0.3375 0.6357 3.5167 2.9183 3.1846 3.4708 1.3002 -1.4727 1.0384 2.0096
0.0925 -1.9335 2.6824 0.2064 0.2411 -1.4127 -1.8436 3.1866 -0.6029 1.7511 0.5682 -1.9950 -2.2614 0.2567 -2.6170 1.2696 0.3543 -2.6519 3.2292 4.6059 -4.1118 0.0666 -0.3743 0.3920 2.0731 -2.0538 -2.5010 3.4049 1.6648 2.7077 0.6119 2.4978 2.7734 2.8326 -0.0515 1.8438 -0.6506 -1.2023 0.3139 -3.2291 1.1145 -2.5145 3.5555 -1.7421 1.3498 -1.7020 1.8937 1.3105 -0.8934 -1.8675 4.3515 -0.1743 1.7096 2.0476 -1.2755 3.6658 1.1555 2.4538 -1.9255 -0.8029 -1.0403 -2.2008 6.6585 4.0175
-0.6556 -0.8158 -2.0478 2.4324 2.5713 0.2876 -2.1219 2.3530 -1.0276 -0.0979 -0.7115 1.5579 1.9241 2.6743 4.0975 -0.1396 1.2489 -0.9818 -2.7353 -2.0841 -7.9189 2.4445 1.4749 -0.3698 3.3114 4.1998 -2.0666 -5.2374 -0.0589 1.2533 -3.4473 2.1706 -1.8430 -0.4079 3.9027 4.8713 0.7979 -5.2095 -0.5287 1.3825 0.2089 2.8561 -1.2806 1.9952 3.7177 4.3827 2.2603 2.6423 -3.8131 0.2417 2.1845 -0.0804 -3.8940 -0.7274 3.8095 2.0107 -0.1814 3.2234 -2.0006 -1.3832 0.0629 0.7416 -1.5998 1.0841
-0.4491 -0.6506 -0.2733 -2.2396 -1.6119 -1.7506 1.7796 0.8821 7.2106 1.1557 4.7762 -2.6607 -1.1801 2.1245 -2.1073 5.2457 -2.3502 0.6149 2.4560 0.8294 0.3497 0.4415 1.8201 0.3088 -2.9444 3.9544 -2.0803 1.0708 1.1560 -1.5747 4.1707 0.9519 1.6512 1.7995 -4.7764 1.1754 6.0993 0.6903 2.9552 3.5921 0.2289 0.9554 1.6016 -1.4249 -3.4488 -5.8946 -0.1975 1.7004 1.2344 -3.2044 -2.3180 -3.0969 1.6071 2.0239 -0.1351 -1.2170 -1.6217 -2.4850 -1.8816 1.3001 -1.0700 0.1687 1.8698 -7.9856
1.8112 -0.4020 -3.0033 0.0511 -0.5643 -1.9941 -3.3301 1.9716 3.8587 6.1000 0.9280 -1.6212 -2.9240 0.6109 -2.1590 5.1367 2.2851 -0.6157 0.9390 -2.0590 -1.9883 -3.2291 -1.9757 -0.5108 -3.9009 -0.2436 -1.0861 -0.6131 0.5494 1.4981 0.4089 -1.6800 0.3731 3.2278 0.5707 -1.5057 2.5697 4.1743 -0.4579 0.8833 -2.5561 -0.3170 2.9623 -0.3526 -1.1367 3.1684 0.7830 1.0619 -2.1028 4.2251 -1.0623 -0.4576 -2.2784 5.2480 1.2291 1.8317 1.5570 0.0587 0.6023 -0.0488 -0.6507 0.1794 4.8944 -2.3245
-1.3102 -1.9387 -1.0002 -1.5593 -2.3470 -0.2775 2.9486 0.6806 3.4299 -5.3886 4.4389 3.3440 -1.2219 1.1367 3.0396 0.7128 0.8782 4.8689 -5.1971 2.4302 -3.1489 0.1945 1.4862 -3.3276 4.4745 -6.5856 2.5016 -3.3864 2.0524 -0.1103 -2.7483 1.6870 3.9953 5.9580 -3.1296 -4.3580 -0.4593 2.2647 3.5168 -1.6885 2.6963 -1.0327 -0.7826 3.7168 -0.6403 -0.0961 3.4977 -0.4512 2.6160 -2.4973 -2.7140 -2.3671 0.7113 2.1129 5.1643 4.1015 -2.9123 5.4004 -0.4167 -0.3934 1.6771 3.3330 -5.5851 3.6535
-0.9108 4.5157 0.9575 -3.5992 -0.1481 -0.0927 1.8778 -2.9496 2.4022 -3.6829 -2.7090 2.9694 -2.4302 2.7932 -0.1243 1.9225 -0.1159 -2.6667 -0.4351 -1.5131 -0.7468 -0.8257 -0.2912 0.8505 0.8385 -6.4577 -3.9992 -1.2741 -0.8658 0.7634 1.2882 -0.1363 0.5460 0.6296 -1.8194 -1.8594 0.0797 -1.1195 -0.5413 2.3332 2.5853 -1.1647 -1.2553 0.3313 -1.3566 1.8433 -0.6712 -2.8253 0.3855 -2.4408 -3.7845 2.3468 0.9686 -2.2441 3.2269 -0.7234 1.2687 1.4998 4.0244 -2.6831 -1.7548 2.0431 -0.9627 1.4427
-1.9550 -0.8362 0.7889 2.2491 -0.9657 2.9136 -0.2978 3.4325 3.5297 1.8604 4.9058 2.9453 1.9572 -0.3513 0.7316 0.1807 1.6329 -1.8286 -7.0012 0.6244 -3.6349 3.4334 -0.2572 -3.0946 0.1680 5.4238 -1.2943 1.1393 1.8644 3.4148 -1.7928 0.4299 -0.9323 0.7717 -2.6197 3.0880 -2.7721 -1.1545 -0.5259 1.9240 0.6117 -3.3988 -4.2900 -2.6395 3.6518 0.5868 -2.6013 -1.2057 -2.4792 -4.6042 1.0406 1.5719 -1.0409 -1.8110 3.1988 0.4494 -2.8822 0.5584 -4.9346 -0.8885 2.9598 -0.9185 -4.0120 -2.7406
-1.5268 0.3856 -1.2237 0.6944 3.2793 -3.1169 -3.1454 -2.7346 -3.3164 2.6996 1.2677 -0.7206 3.4592 -4.9452 1.9220 -3.6262 0.2897 6.0216 -0.8543 -1.8814 1.3614 -3.7746 6.5890 -2.9344 3.3239 0.3695 3.7498 -0.0970 -3.1856 0.8208 -2.1388 -2.6412 -2.6352 -2.9666 3.6987 1.2976 -3.1447 0.8515 1.5347 -0.4000 0.3655 -1.7297 3.8899 -2.7783 -1.4680 -1.3150 1.9250 3.7010 3.7723 1.2493 -3.3701 1.8261 2.6902 3.1140 -2.8966 4.2253 -1.9493 -2.0035 1.9075 -0.0999 -1.4803 -0.5525 0.8626 0.5041
4.5514 -1.1503 -1.7385 5.5584 2.2788 -6.9422 -1.9030 0.3211 2.4657 -4.0856 2.6003 0.2511 -1.8461 5.4779 -2.8518 2.7995 -6.2818 6.3048 -1.7205 1.6122 0.4688 -2.3600 -4.1331 4.1067 1.9482 -4.0093 2.2687 1.2658 4.7204 1.5456 3.1104 2.7542 3.3920 0.7307 -0.0388 1.3474 4.2751 0.8547 0.7632 -0.9143 -0.1539 3.5501 2.2489 -2.0376 1.3059 -6.0899 1.5627 2.8848 -1.8812 -3.3793 -2.1458 -1.9404 0.6665 2.2795 -5.1598 1.9098 -2.2611 0.8256 1.6444 -1.5888 -1.5222 0.2881 4.0274 1.7075
0.7579 -1.1223 1.5995 1.0617 -0.3182 -1.9635 -2.7636 -3.3339 -1.5047 -0.2023 0.2178 2.2815 -2.0233 -1.6638 2.7581 0.8232 -3.6055 1.6839 1.4538 -5.4678 0.3337 -0.7644 -4.1210 2.6688 -0.1658 -2.4095 0.3778 2.7585 5.8865 -0.1353 -0.6308 5.2904 5.0972 1.0917 2.9207 -2.4311 -0.2804 -1.5833 1.7320 -2.9571 5.1549 2.5777 1.1603 0.5999 -3.4071 -0.6110 -0.2340 9.7673 -3.0463 -2.1044 3.7611 -0.6367 2.7062 3.6993 3.9567 1.1689 -1.4642 -1.9128 -2.3195 -1.6120 -1.1405 0.8790 1.4865 -2.0606
1.1045 4.8184 5.0949 -1.4165 -0.1636 5.0193 1.6572 2.6133 0.7244 1.0698 0.8618 2.7139 0.1103 -1.3856 1.9082 1.3758 -0.6299 -0.5757 -7.6161 0.9314 3.2735 6.3338 -2.2499 0.0389 -0.1138 3.0497 0.7455 0.6878 0.5794 -6.5758 -2.3055 -1.5518 0.5797 1.5555 -0.7754 1.2244 3.0903 -2.3837 -1.4185 1.8124 -3.1861 0.3216 -5.0262 0.1793 0.6227 4.6919 4.9125 0.0586 -0.7136 0.0497 3.5932 2.5746 -3.1413 2.0283 0.9919 -2.1099 4.0039 0.6626 -0.9038 -1.4657 -0.2758 3.0194 -6.1552 -1.2510
-1.3935 -0.9500 1.0320 1.9434 -0.3468 1.6611 2.2429 -1.1632 0.2417 -2.4620 -1.9095 -0.2533 2.2475 1.6074 0.1718 -2.1346 0.8418 -2.6285 -4.6792 0.6915 -0.3134 -1.2452 0.6158 3.8313 -0.5523 0.2399 1.4018 -2.0558 2.5960 1.0192 0.1699 0.4343 -1.4614 1.4583 -1.7224 0.0742 5.3874 3.7056 -4.5320 0.1774 -2.4719 -1.0871 0.5388 -3.1086 -1.2234 1.6624 -0.5932 -1.5427 0.2202 -0.9778 3.1935 0.1814 -1.8110 -1.1463 -0.8449 1.3069 -0.5924 1.8380 -2.0086 1.6734 -0.3051 -2.2890 1.8081 4.3366
2.2929 3.1446 -3.0553 0.2774 3.2509 -4.8837 0.1172 0.3062 3.3604 0.6493 -3.4676 -1.6933 -3.0456 4.3402 -4.8046 7.1622 -1.8457 2.1375 1.5125 0.8460 1.4673 1.2777 -1.4059 0.7697 -3.3121 0.3084 -2.1048 6.2149 -0.7362 0.4061 -1.7797 -2.1290 0.7747 2.8932 -1.9691 2.5966 -0.5766 1.0609 -4.9172 6.2677 -3.2078 0.6309 -1.2897 -5.8411 -2.7517 -2.6357 -1.0639 1.7843 -0.4217 -1.0841 -0.1366 0.3102 1.3929 -0.1473 -1.6825 -0.2408 2.1290 0.6204 4.5658 2.1804 0.2203 5.3510 3.7794 -4.6481
0.2127 -3.4077 1.6388 2.7879 -1.3024 -0.0217 -6.7433 -3.6762 -2.2460 -1.7100 -1.4073 1.5213 3.0779 5.3433 -2.8167 2.8216 2.5074 -2.1642 2.1370 -1.0013 -0.7945 1.6318 0.3982 3.1914 3.9132 -2.7018 -1.8236 -1.3083 -1.0696 -0.8202 -2.1344 -3.8344 0.9830 -1.5136 1.2462 -2.8730 2.1912 -0.0909 0.2272 -2.2346 0.0435 -2.3241 -0.4255 -1.2658 -1.3365 5.2058 -4.5494 1.7751 -0.1267 1.2187 -1.3756 3.4089 -5.8163 -0.0549 1.9272 -0.1626 2.4179 0.5713 -1.1822 3.6426 0.0467 4.9624 -3.4556 2.6061
-0.8732 -2.8495 0.1673 1.0348 2.7967 -2.5713 0.0030 1.8593 -0.5643 -8.2372 0.6413 -0.4217 -3.8570 -2.7216 0.4061 1.1087 0.2400 7.1852 3.1318 2.8984 -0.6299 1.7232 -1.0828 4.6226 0.6028 0.6680 6.3767 2.3097 5.6683 -0.1206 4.2506 0.8118 0.2044 0.2950 2.2646 -1.1064 -5.0901 1.3818 -1.3587 -4.8757 3.2703 4.4932 -0.0309 1.2209 -0.1329 -2.6308 1.2956 2.7683 -2.0310 0.3003 -1.0965 -0.4187 3.4693 0.5282 1.2740 -0.9694 -0.0679 -3.7130 -2.5238 1.6948 1.9906 7.6691 0.4981 -1.5033
0.8002 -3.0280 -2.1165 -1.6163 -3.2912 1.1679 4.2126 -0.0375 -2.8194 4.5334 0.2908 0.8241 3.3186 -0.1897 0.8735 1.1239 -1.5592 0.2562 0.7499 -1.7607 -1.8824 -4.7253 -2.5451 1.2089 -2.2167 1.0147 0.8597 -2.4086 2.2218 3.0251 -3.5162 5.2078 -2.2569 -0.8814 -0.5863 -0.2310 -1.2821 -7.3767 -0.1011 -2.0008 -1.7521 -1.0956 -0.6635 2.7058 -1.5058 0.1768 -0.5722 -4.0180 -1.6228 0.8005 5.4038 -2.6983 0.2920 0.6562 -0.7266 -0.9078 -0.5709 -2.1584 -1.6449 -0.3193 -2.2174 -7.3471 1.1088 -3.6406
1.4459 -0.7358 -0.7192 -3.9391 2.4162 2.0457 0.4822 1.6419 -1.8620 -2.5627 0.5588 -1.2827 -2.3281 -4.1625 2.7003 -2.2123 0.3696 1.3792 5.9332 3.0316 -3.7012 -0.4578 2.0287 4.7510 1.5426 -0.2685 1.1056 -0.2123 3.4164 -2.0662 1.9128 -0.5211 -0.9775 -0.7561 1.6420 1.4332 -1.6490 0.9469 1.9992 -1.9034 2.0977 -0.4891 -1.7970 4.5512 -2.1697 2.6255 0.2676 -2.2180 0.0391 4.4049 -0.9627 3.0024 -1.2914 -0.7688 -1.0025 -3.9504 0.3317 3.5436 -2.4107 0.4250 -0.7559 0.2868 1.0257 4.2089
0.6614 -2.0184 -0.6911 2.0148 1.8554 2.9118 0.3218 1.8058 0.8169 -2.5654 -0.9535 1.2397 -2.8003 -1.9351 5.0957 -4.4108 0.8052 -0.5295 3.8255 2.4104 -4.9328 3.7063 -1.6300 3.3326 3.4496 3.6282 0.8193 -2.6438 0.8598 1.1002 -0.8889 3.3668 4.1182 2.9666 3.7240 -3.3456 -5.7285 1.4377 1.6219 -1.9107 1.7645 0.6948 -0.1780 1.3682 2.7996 0.4869 3.9178 -1.6421 -1.7645 1.7893 -4.4033 1.9187 -3.3551 -0.4222 3.0283 -3.1204 -2.5749 1.9990 -0.4139 -3.4264 4.4825 4.8733 -0.3654 1.5439
-0.3780 -3.5279 -3.0492 0.7384 -1.9499 -1.1490 4.6401 -6.7122 -3.2305 1.9079 1.1427 -1.6610 2.9434 -0.9597 0.2541 -0.6695 8.1084 -0.6134 1.9026 1.3361 2.7261 -3.0784 3.1053 -0.3552 2.5760 -2.0306 3.7346 1.9802 -1.3302 -3.2505 2.6261 -1.4661 -3.1233 -3.1386 1.7088 -3.6190 -2.1345 -1.4417 2.4624 -4.5291 1.8909 -6.2149 0.1906 -0.5480 0.0582 1.5883 -0.2234 -3.8315 -2.7703 0.9605 3.6700 -0.2719 -0.3270 -2.5450 4.7822 -1.2534 -0.6579 -1.2716 -1.1718 1.7695 0.9796 1.6834 -2.9509 2.4077
-1.9307 1.7971 -0.6382 3.4248 6.0166 -2.1195 -2.7629 -3.6570 4.5911 3.3210 0.9497 1.8975 -3.9559 -0.2297 0.1594 0.5912 -6.0934 0.7793 0.2578 -2.8739 5.6632 -0.7724 -1.7246 0.4670 4.2373 -7.1132 -0.2819 -2.0922 0.3350 -3.9012 3.5411 0.4650 2.6696 0.7367 -2.3724 -2.5949 0.0599 6.0006 -1.0371 2.4939 -2.9859 -1.7370 1.0481 2.2833 -4.5671 -5.0484 2.7924 -3.2530 2.2421 1.8713 -1.2934 -0.6980 0.0546 -1.3680 -1.9674 1.5782 0.6126 -0.5806 -1.0276 3.0491 1.6578 0.0918 -1.6193 0.0368
3.4225 2.0521 -0.8425 -1.7062 -1.3971 4.4668 4.1553 -0.3054 -0.7567 3.4495 -6.7180 1.2694 -2.9498 -1.6970 2.3931 3.3746 -0.8479 -3.9715 1.2580 -4.4622 7.0356 0.8338 -0.9272 2.2270 -3.1604 2.6142 -1.0250 1.2671 -4.5299 0.3663 3.9681 1.3632 -0.0890 -0.3413 -1.0067 3.4261 1.7699 2.3795 -0.1406 4.0717 -0.1525 -0.7321 -3.7413 4.6672 -5.0935 2.4832 0.0193 6.2511 -0.4436 -1.1820 -1.2246 1.4074 -4.8778 -0.6744 -2.2494 -1.1303 6.4548 -1.4090 1.2715 2.3415 -5.0336 -0.4282 -2.7542 -0.9864
-1.5070 0.0272 -4.7019 -4.8283 0.0537 3.9856 0.0083 0.9200 -0.9412 -6.3511 -1.7039 1.6887 1.0881 2.5660 -0.1108 2.8435 -1.2364 -0.7759 3.3056 3.0155 -1.3949 -0.0519 1.9940 1.4141 -0.4240 -1.0797 -1.6668 0.8857 0.2010 0.5367 6.4404 3.9250 -1.3393 -1.8573 0.6425 0.0607 -1.4190 -1.5220 -2.2797 5.2679 3.1503 -0.8038 -2.3632 1.2399 0.4201 -2.1491 3.0985 0.1248 0.5956 -1.6114 3.3493 1.9478 5.9297 -3.1488 2.9974 -0.1941 1.2319 1.7501 3.0437 0.9573 -3.9217 2.2320 2.0980 2.9774
3.1055 3.2550 -1.4580 0.8262 3.2240 2.1541 -0.3264 7.4945 3.1360 -1.5546 3.5046 1.5472 0.3981 -0.6204 -2.0741 2.0185 -0.5827 2.4552 0.6556 5.0775 4.2254 1.7505 -3.3383 0.6785 -4.3263 -3.2337 0.9378 -0.0466 -1.6990 -6.2564 -1.9474 2.7802 -0.9581 4.0806 -4.1821 -0.8113 2.0967 0.1990 -2.4299 0.1917 -1.2835 3.4370 0.1688 0.0630 -1.0672 -3.4304 2.4100 -5.4527 1.8066 -0.9880 3.3681 -1.9639 6.3802 -7.2133 -2.1367 -2.8778 6.4431 -0.4285 0.1945 5.4278 1.1371 2.9030 -1.5113 -3.9920
-0.0399 -3.5896 1.8091 2.7617 -1.9886 3.1202 4.2571 0.2853 0.9575 -4.9852 -0.9268 2.0389 -0.4530 -3.1333 1.8716 -2.6897 1.3447 -0.3046 2.3757 0.1994 -2.3608 1.6397 -0.9548 -1.2836 2.7014 -0.1534 1.6210 2.2062 1.0320 1.9368 2.7259 -2.0870 1.1844 4.4810 -0.1226 -3.3208 3.6965 0.3390 -1.6001 -0.4594 -1.8891 2.2132 0.8645 -4.1204 2.4261 0.2754 3.2336 -3.7220 -0.8663 -3.2594 -0.5350 -4.2278 0.3251 -1.8311 0.0502 -1.5851 -1.8289 5.2891 -1.0992 -1.0863 4.6250 1.8147 -4.0234 -0.5594
-0.0387 2.4552 -3.6339 -1.0844 0.5350 0.6771 1.5115 -1.9903 -0.0391 -2.9453 -1.9636 2.2859 4.1849 0.8611 3.1193 1.1412 1.0618 -1.9682 1.8309 -4.7077 -0.2523 1.1933 -3.1512 1.2884 -2.3691 -1.9109 -0.4255 -5.1763 -0.9550 -0.4456 -0.6092 1.7786 -3.5138 2.9279 -0.0675 0.2787 0.4391 3.1342 5.8856 4.5995 1.7920 -0.3957 0.4877 2.0381 0.6795 0.1205 -1.3949 2.4165 1.3492 -1.3955 -2.9042 3.4908 -1.2797 -3.2825 2.3822 -0.2241 2.1542 2.9381 0.4027 -4.3051 3.0212 5.8478 -2.2436 5.0737
-1.8334 -2.0142 -0.6544 -0.3619 -2.4286 2.9769 0.6389 -3.3453 0.0439 0.4642 -0.9124 1.3451 1.3657 -1.5494 1.8080 -0.3874 4.7161 -2.9806 1.3522 0.1879 -1.8279 -2.0173 2.9277 -0.0218 2.0006 1.2760 -1.8119 0.4958 -1.5199 2.1203 0.4041 -0.2914 2.0126 -1.7564 3.3054 -2.0583 -0.6864 -1.3298 2.0207 0.0836 3.5704 -4.5881 -4.3820 -0.2620 -1.2865 1.2242 -0.6104 2.4620 -0.1343 -1.4232 3.9307 -3.8745 -1.0189 -1.2750 8.7060 -0.1854 -2.0869 -0.1542 -2.9982 2.4791 0.0800 -0.5731 -5.2235 -0.8936
0.0229 1.1909 1.4562 -0.2180 1.6991 2.6596 -1.0576 3.8340 4.4287 -5.1952 -1.8486 -0.7148 -3.4379 4.2526 -2.7098 0.3855 -1.0710 4.7339 -1.1095 2.3492 3.5851 3.0495 0.2030 0.9779 1.9879 -2.0007 -2.6892 -0.3328 -5.4158 4.8682 2.7924 2.9102 3.7128 3.3443 -0.1375 6.3255 -0.4448 -1.9688 -1.6740 -1.8353 1.2031 3.2249 0.8147 1.3926 0.6909 -0.5171 4.2622 -2.8906 -1.6298 -5.4658 -3.2184 1.4169 -1.0134 -0.3189 -2.2854 -0.6768 -1.7817 4.2269 1.8133 -1.4038 2.3934 4.6789 0.1803 1.5778
-1.6460 -3.1369 -3.2919 -1.2351 -0.4265 -2.0706 -6.3997 1.5281 -2.2623 -4.5051 -0.0020 0.3146 2.9723 1.5435 -0.5297 0.4427 -0.2875 4.6929 1.0469 -0.5005 1.8756 5.0647 -1.9316 3.9670 -2.4136 2.2827 -0.9230 -0.1488 4.0055 -0.1945 2.7027 -2.3123 -4.6516 -4.7801 0.9470 0.0073 -2.9455 0.9064 2.4397 6.4968 0.5482 1.7803 -0.9453 -0.1510 6.0235 -0.6522 -1.4167 4.6571 2.9108 -0.4962 -3.2937 -0.1807 0.4406 -2.5458 1.8800 -6.0145 1.4443 -3.2216 -2.0037 1.3318 3.1965 5.5172 2.2623 2.5944
-1.0842 0.4479 0.1775 -2.4347 -0.8866 1.5482 -1.4975 -1.2007 -5.5361 2.3871 -3.8395 3.1781 -1.7966 -2.7894 -1.1013 -1.9747 3.7885 0.5705 -0.4320 -3.3745 1.3912 -2.9606 -0.7519 1.1968 -1.8228 0.1899 -3.9008 0.4902 -0.6671 0.9702 1.3825 -1.1240 -1.8746 -4.5429 2.5530 -2.7460 -2.8875 -1.7926 -0.2223 -2.0057 3.4087 -0.8440 -1.1394 3.5410 2.6757 3.2617 -1.2810 3.6497 0.6217 0.6488 4.2404 0.3016 0.5903 -2.6422 3.2827 0.2715 1.9271 0.2513 0.6222 -1.0979 -2.4219 -1.6835 0.1068 2.8045
5.1790 -4.8639 1.8202 -0.9735 -2.0237 -1.5617 -3.6972 -0.3955 0.0063 1.8164 -1.5765 -0.9926 -1.6721 1.0393 -0.6183 0.6208 1.5509 1.7802 2.8854 -1.5119 -2.2256 -3.2138 1.8964 -1.0341 -2.9479 -1.0074 0.5583 5.4506 0.9065 2.8179 0.4811 0.2621 2.5744 -1.2670 2.1112 -0.5810 -0.3873 -1.3516 1.3580 -2.3676 0.3288 1.4352 3.1934 0.7086 -2.5399 0.1440 -3.4362 2.4571 -0.6493 -0.2304 3.7076 0.3633 -0.4651 -0.2653 -3.9819 3.1684 -0.9346 0.1583 -0.4513 0.3826 -5.3769 -3.0135 3.1031 -1.2947
-2.5906 -0.9289 1.5887 -2.1247 -1.2597 1.4524 -4.6514 -6.7886 -8.4778 0.3995 0.3824 -0.0730 1.0222 1.4257 -0.3790 -4.4926 3.2670 1.1484 -0.0896 -1.4879 0.3484 -2.5344 -0.4819 1.3789 2.2506 3.3762 0.4807 -2.9601 0.3739 -2.0437 -5.1918 -3.7129 2.6216 -4.1421 1.1211 -1.4734 -4.0669 0.2601 0.2919 -2.7163 1.8772 -1.2664 0.7025 0.9845 1.3638 1.5168 -1.3587 0.1832 3.0504 3.8237 -0.3174 1.7688 -4.7417 3.3305 0.4491 -3.9574 1.5964 1.6532 2.9241 -4.9409 -0.1015 -5.0846 -4.2174 7.4347
-1.7203 -1.0631 -0.2432 -4.6149 -1.2356 0.6133 0.5961 -4.5853 0.4941 -0.1975 -2.5045 -3.4266 2.3887 -2.3399 4.1053 -2.8743 1.1436 2.0776 1.5585 3.5275 1.9923 0.3166 -0.7652 3.5866 0.2668 -1.1457 -0.5964 -1.1569 2.1582 -5.0537 -2.6436 2.4743 -2.0283 1.8298 0.3962 -3.0055 1.9007 -1.5255 -0.6703 -0.5081 2.7524 0.7680 4.1935 2.3057 0.5721 0.3616 2.6996 -0.7108 -2.9975 2.2674 -1.4598 -4.0871 -1.1120 0.2987 -2.5609 -4.8252 0.9442 -1.0831 -2.1552 -0.4185 4.6757 1.9802 0.4423 2.1053
-0.3586 5.2140 -2.1914 -1.4575 0.1941 -4.6729 -2.4905 -3.0133 2.9992 -0.0442 -0.7384 -0.0379 -0.6151 3.0697 1.4082 0.0968 -1.9717 0.5827 -1.2780 -1.2342 -0.7652 -4.7319 1.9515 -3.7283 0.1562 -6.4961 -0.7317 -2.2675 -4.2190 -2.3580 -2.8658 1.3782 2.9371 0.6543 0.6693 -0.1979 4.1236 1.4849 -1.1002 -0.7479 0.4430 0.4094 3.7247 1.6329 -3.0172 -0.9302 -0.0704 0.5191 -1.3915 2.7463 -5.3199 -1.1053 -2.9025 3.0978 -0.4303 6.1527 -3.8408 0.7797 1.2609 1.5145 2.3548 2.0198 1.4229 1.9071
-2.7737 -4.8410 3.1421 -2.1963 0.6995 -1.2157 -2.7890 -4.8815 -4.0180 0.2710 -1.8754 0.9890 -1.5676 0.7295 4.3114 -2.9917 2.4743 4.8755 -0.7612 -3.1202 1.3956 -1.2815 2.0452 -1.0493 5.3660 -3.7349 2.6227 1.3477 0.5095 -2.8066 -0.4924 3.3556 -0.4071 -5.8728 3.2431 0.1952 1.2335 -4.4791 -1.6841 1.7180 -3.5722 1.1176 1.9282 -3.2302 0.1744 0.1721 6.2152 1.6289 2.7668 0.9856 -2.6805 -0.2309 -0.6507 -1.3346 -4.0460 1.7214 -0.3108 -2.5472 -1.9579 0.9667 0.5365 -1.3088 0.2867 0.3096
-1.4038 2.4491 -3.2275 0.9600 2.3470 -4.0094 -3.1886 2.4628 0.5124 1.8054 3.4507 1.2749 0.5843 3.6966 1.1575 -2.4768 -1.4821 4.4571 -5.6565 -0.0413 2.6685 2.0918 7.4461 -2.7743 2.6810 1.4013 -0.3451 -6.7593 0.2888 -3.9473 -3.9601 -1.6486 -1.7482 -1.9764 -1.7532 1.2668 1.7353 0.5456 -2.9513 4.6950 -0.5615 1.1140 -1.5281 -2.0093 1.0862 -0.0903 0.2881 1.2503 -2.5714 1.5712 2.5943 1.7225 -3.3569 0.7058 4.9599 1.1547 -1.5741 0.4619 -1.5254 0.6841 1.3051 -1.3108 -0.5491 -1.4473
-1.4554 -2.8774 -0.3634 2.2381 -2.7862 1.3489 2.2581 -0.4066 2.0339 -1.9849 -0.0964 -0.7198 -0.0336 -2.1136 -0.1344 -0.4128 -0.1947 -1.6759 -0.8624 -1.4617 -0.1762 2.6313 -1.5009 5.7346 5.0105 -1.3662 -2.4964 3.1265 -2.6135 2.9232 5.6375 0.1520 4.0811 -2.1248 -1.4155 -4.3880 2.5506 0.1886 1.4722 -5.3002 -0.0630 -1.7131 3.2369 -4.0906 0.0862 0.1287 4.0951 -3.2622 0.0143 -6.5414 -3.9192 -1.4464 -4.3227 3.2103 2.9887 -4.1253 -1.8801 -0.9563 -0.1532 -2.4183 -0.8710 2.7288 -4.0695 -0.2376
2.8816 0.7198 -3.1845 1.2255 -0.2017 3.1752 -1.1503 0.6630 2.5848 -1.8648 -2.4416 -2.3049 0.7893 -3.2220 2.8748 0.0468 1.1377 1.7084 1.2538 1.2793 1.7373 0.4504 -2.7191 1.1802 0.4991 -1.0995 1.8080 -0.7325 -1.5183 -0.6404 -0.3240 0.7780 2.8733 4.5116 2.7701 -2.9356 -1.2862 5.6655 -0.3388 0.6080 0.9653 0.2149 -1.3194 1.8454 -2.6051 0.1664 1.3170 1.8078 -4.7316 -0.9231 2.3520 -2.9986 2.2821 2.0769 3.1169 -2.1500 2.0089 0.0155 -0.8890 1.5202 -1.4979 4.2919 0.3500 1.1300
-0.0001 1.4486 -2.6392 -1.2815 -3.1790 2.6262 1.3683 -0.3464 6.9942 -3.6845 2.7457 2.3967 -2.2701 -1.1268 0.7322 0.0963 1.3039 1.1399 -1.8533 2.1794 2.8748 2.9012 4.1605 -0.4547 -1.4649 0.9280 -0.7566 -1.1484 -0.8127 -7.0897 1.5657 -1.5337 -0.6409 4.0495 -5.9760 1.8868 1.2981 2.0112 2.3809 5.6737 2.0736 -0.3864 -4.9332 0.1296 -0.1795 -1.3789 1.5162 -4.3002 0.7696 -4.2809 -0.2789 -0.2002 -0.0484 -2.2899 4.6166 -2.5564 -0.1813 3.3486 -0.1397 3.8944 3.9465 2.9842 -4.4447 -0.4997
-1.6044 0.2525 -0.0879 -2.7042 -3.9189 0.7362 -5.0732 1.7968 -0.0875 -0.6618 0.1703 -0.7697 -0.0654 4.9758 1.2863 0.0789 1.0378 -4.7813 3.1252 -2.4369 -5.5504 2.8934 -0.9374 0.5462 -3.1393 -0.7492 -3.0673 -1.3341 -0.6880 -2.3877 -0.7140 7.7366 2.2893 0.2529 1.1436 -0.3912 3.4125 -2.6541 -3.5935 1.1637 -4.2056 -1.0628 3.1980 0.7185 -1.3460 3.7023 -1.7559 -0.9401 -2.1945 2.1975 0.8440 -0.7021 -0.1670 -0.6150 3.3726 0.0834 -2.2391 -1.7294 -2.6184 3.5570 3.4183 0.9266 0.9582 -4.5912
2.3317 0.3165 -2.5005 2.8684 1.3127 -3.3182 5.5656 -2.3087 -5.3524 4.4727 0.5095 3.0531 3.7458 0.3174 1.1288 -3.1958 2.8581 2.0290 -2.6602 -1.6496 5.9941 -6.5958 0.7163 -3.4651 0.6689 -0.0650 5.3728 -0.1674 -2.6245 3.1579 -5.3390 -0.8049 0.5079 -2.2347 3.4095 3.3110 -0.4666 -0.9703 -2.4277 -2.9954 -0.0679 -0.0679 -0.0543 -1.9339 1.0345 1.1334 1.1035 4.0171 2.2911 -0.0391 1.7230 0.8039 2.3926 3.9063 -0.7548 2.6728 0.3586 -0.7207 3.9019 -0.0512 -1.4432 -2.3143 -1.6321 1.7599
3.2919 3.0543 3.9128 1.7000 0.6169 1.2181 2.7465 2.7674 -2.4539 2.6361 -0.5421 -0.9760 -0.2358 -1.1910 2.1942 -5.4951 -2.0775 -3.8447 1.5037 -0.9244 0.0499 2.4551 0.5292 -0.5977 0.7650 5.4629 1.1089 1.1061 -0.6933 2.2643 3.3144 5.1398 -1.0375 1.9223 -1.8187 1.9151 -2.4605 1.5382 0.9681 4.5198 -6.6492 -5.1583 -0.7308 1.7410 -0.5341 -0.9946 1.9877 -2.8231 3.8904 2.2807 -1.0459 -3.5430 -1.6015 -2.6597 -4.2420 1.1002 -2.8618 -1.1692 0.9303 -3.0081 1.6313 -6.3780 -0.0408 -1.4921
-0.2510 -0.6481 -3.1495 -1.1641 -0.2392 3.8428 1.3268 1.4708 -0.4493 2.6868 -1.4285 1.2650 2.1242 -2.0333 4.4076 1.3358 2.1105 -3.5841 0.5355 -5.2942 0.4787 0.4908 -2.9556 0.1006 -7.0739 3.7212 2.0619 0.8317 0.5970 0.2667 -0.1240 3.3785 -0.5065 4.2561 1.3920 4.1379 -1.5678 -0.5101 -0.4074 3.2189 0.3470 0.1135 -0.8132 2.3313 -0.3636 3.3873 2.5482 1.2856 -1.8806 -0.3349 1.2629 2.5034 -4.0602 -0.5895 2.4277 0.4087 0.0832 3.1300 0.2964 -0.7904 2.2853 3.0447 0.2298 -0.0036
1.7752 -7.2737 -1.0602 1.1343 -2.7185 3.1969 -5.1687 2.2074 -0.3290 -4.1608 -2.8898 -4.6810 6.4845 1.6552 0.5470 -3.1611 0.3418 2.0107 3.0989 1.2757 0.2490 -0.9068 2.9026 0.8875 -4.2835 1.1859 1.0154 3.3362 -2.0479 2.9526 1.0428 -2.2543 -1.3490 -0.5148 3.3436 -0.8412 2.8671 2.7797 -0.7397 1.9870 2.0255 6.5745 2.6730 -0.6768 1.4661 1.1448 -0.9898 5.0041 -2.8731 0.9376 2.4081 -0.6362 -1.1247 2.1634 -0.1474 -2.3385 -1.7048 4.4544 1.3940 0.3072 -0.3574 1.9281 0.0387 2.0580
2.4470 -1.5710 0.7495 -2.4037 2.5339 5.9455 -0.3878 1.8308 -0.0212 -2.1416 1.1134 3.9744 -7.0953 -0.6586 1.0060 -1.2938 2.4748 3.6493 -2.0727 0.5595 0.1257 -0.4584 0.0829 1.2728 -1.1053 -4.8623 0.6392 0.1385 1.1842 -3.4040 0.7266 2.3216 3.0542 2.6531 -0.7311 -2.9864 -1.7253 0.7596 0.1161 -0.2146 -2.2803 0.9182 -3.1090 2.7373 -0.1085 -3.5795 4.4516 -1.8830 3.8044 -1.1209 -0.8714 -0.7673 0.5316 -2.4976 1.6793 2.1833 2.9749 2.4593 1.5437 2.1583 -0.0116 4.1371 -2.9739 1.1140
-0.2884 2.4006 -3.8375 -1.5448 -0.7872 -2.6912 3.7634 -1.7084 2.4112 4.1261 0.1442 -2.8573 4.7001 -2.5797 -4.6946 3.9394 -2.0321 -2.8612 -0.3846 4.7312 1.9559 -5.2043 -1.4153 1.9016 -1.4369 -1.3006 -1.9239 -1.6100 3.2749 -3.6945 -6.0336 -3.5399 1.5589 2.3704 0.1459 -0.5746 5.6993 1.6486 -2.3727 1.4121 3.0521 -1.8938 -0.9466 0.6899 -3.0790 -1.8731 -4.7285 -1.6909 -2.6881 3.2912 -0.9631 -1.1241 1.5099 0.9181 -1.1763 0.9928 1.2068 0.5775 -2.9994 0.0559 -1.4123 -4.9408 -0.1439 -1.8635
0.8060 -1.9199 1.6427 2.6917 0.8638 -2.9522 -3.6354 3.6515 -2.3786 2.0885 2.2369 -3.1911 4.8720 6.6985 -1.0140 -0.3757 1.4356 3.8459 -3.6975 0.3371 3.7728 3.3586 -0.9037 -2.2825 -3.6810 1.2675 -1.6807 3.6036 1.3690 6.5117 -6.9611 -1.0200 0.6969 3.4860 0.4581 0.5648 0.6226 0.4023 -4.1091 -5.2692 2.7118 3.7052 -1.5880 -1.1288 2.5360 0.6195 -5.0741 3.8979 -2.5074 0.3688 -0.6459 1.8166 -1.3664 -0.6644 0.5675 -2.9583 -0.0329 6.3318 -0.4229 -7.1189 -0.5916 5.1769 -1.1187 3.2551
