1
64
64
-0.2509 0.5931 0.9014 -0.6331 0.4640 0.5594 0.1973 0.1937 -0.6880 -0.1083 -0.6880 -0.8001 -0.8838 -0.0815 0.7324 -0.3326 0.2022 -0.7143 0.4161 0.3018 -0.9588 -0.8872 0.9398 0.4440 0.6649 0.8771 -0.5753 -0.9984 -0.6364 0.9844 -0.6332 0.2350 -0.3915 0.2233 0.0495 -0.9859 -0.1361 -0.9539 -0.4175 0.0495 0.2237 -0.2003 -0.7210 -0.9067 -0.4157 0.9475 -0.2673 -0.5345 -0.0879 -0.8188 0.5704 0.2368 -0.6007 -0.2351 0.0285 0.9665 0.1848 -0.0665 -0.9071 0.7199 0.2151 0.3606 -0.6590 -0.0990
-0.8699 -0.9735 0.8978 0.8844 0.9313 0.1266 0.6168 -0.2292 -0.3908 -0.9681 -0.8047 -0.5382 0.3685 -0.5179 -0.1197 0.3665 -0.7559 0.2200 -0.0096 0.6664 -0.9312 -0.6533 0.8186 -0.2179 -0.4824 -0.6355 0.3250 0.5107 -0.3766 -0.1497 0.0401 -0.5841 0.0934 0.1354 -0.6303 -0.9374 0.9392 0.6846 0.5503 -0.1005 0.8790 -0.2097 0.7897 0.8533 0.1958 0.4545 0.8437 -0.3469 -0.8230 0.1409 -0.6080 0.0417 -0.9095 0.9223 -0.3493 0.6891 -0.2226 0.4946 -0.4573 0.0794 0.6575 0.1735 -0.2865 0.9305
-0.4381 0.2141 0.0854 -0.4480 -0.7182 -0.4075 0.6044 -0.6695 -0.8509 -0.9687 0.9738 -0.1532 0.5445 -0.2102 -0.6026 -0.4130 -0.9890 -0.9718 0.6309 -0.6023 0.4137 0.4227 0.4580 0.5804 0.5425 0.2119 -0.8519 0.8526 -0.2831 0.3022 -0.7683 0.8299 0.7262 0.7001 0.2466 -0.1011 -0.3382 -0.8092 -0.8729 -0.2584 -0.3780 0.3377 -0.3496 0.3318 0.4592 0.1826 0.2751 -0.4506 0.7744 0.1225 -0.0556 -0.2341 -0.7608 0.9434 0.4265 0.6978 0.5216 0.4435 0.1226 -0.5280 0.5419 -0.4879 -0.0124 -0.9191
0.0455 0.4213 -0.1449 -0.7782 -0.9492 -0.1213 -0.7842 -0.5966 -0.9371 0.7915 0.2728 -0.0493 -0.3713 0.1266 0.0171 0.3910 0.8151 -0.7213 -0.5014 0.2088 -0.1792 0.0797 0.5111 -0.5939 -0.5424 0.8857 -0.8460 0.1977 -0.4205 0.3896 -0.6776 0.7609 0.8594 0.2487 0.6162 -0.4087 0.2668 -0.7890 0.7429 -0.0869 0.6073 -0.5631 -0.6269 -0.1670 0.7851 0.7666 0.0787 -0.3513 0.6149 -0.7558 0.7922 -0.2874 -0.3640 0.8137 -0.7799 -0.4557 -0.5441 0.2954 -0.1458 -0.9990 0.6360 -0.2949 0.7215 -0.3904
-0.9861 -0.6707 0.0215 0.0682 -0.1652 -0.0303 -0.5558 0.3849 -0.7603 -0.4612 -0.3248 -0.5117 0.8858 -0.6634 -0.3536 -0.5625 0.0376 0.1162 0.4060 -0.1923 -0.2727 -0.8702 0.9436 -0.4922 0.9249 -0.5062 -0.4964 0.3926 -0.0055 0.4245 -0.3982 -0.7038 -0.4303 0.9955 -0.9262 -0.4664 0.2191 0.9532 0.0054 -0.1779 -0.8970 -0.9339 -0.4427 -0.3099 0.8165 0.2687 -0.5209 0.3614 -0.7102 0.0619 -0.0211 -0.1044 0.9713 0.1058 -0.5159 0.1854 0.3443 -0.8383 0.5232 -0.2607 -0.5247 -0.5157 0.4564 0.6063
-0.2644 -0.0594 0.2646 0.9668 0.2671 -0.2024 0.0715 0.6329 -0.8194 0.5967 0.6706 -0.6986 -0.3584 0.0164 -0.6270 0.3916 -0.9184 0.7167 0.1818 -0.3481 0.3551 -0.5595 -0.9668 0.4223 0.0242 0.6190 -0.5470 -0.3027 0.2903 -0.8076 -0.6513 0.8810 0.3819 -0.2049 -0.2265 0.0355 0.8735 0.6754 -0.7250 0.3514 -0.3179 0.4704 -0.7731 -0.5819 0.8494 0.0829 0.7547 0.3916 -0.4841 -0.5429 0.3200 -0.6501 0.6344 0.9643 0.1104 0.0333 0.0593 -0.4783 -0.5163 0.9925 -0.8138 0.9308 0.7944 0.1166
0.8008 0.7653 0.2662 -0.6226 -0.3219 -0.4423 -0.3016 0.4007 0.4519 0.6933 0.7942 0.7126 0.7742 -0.1910 0.5598 0.7755 0.2841 0.7019 -0.8317 0.8713 -0.6767 0.5707 0.7971 0.3380 0.2129 0.1614 -0.9816 -0.2554 -0.7971 0.8803 0.3270 0.9473 -0.9899 -0.4322 -0.6784 -0.3893 0.0975 -0.0288 0.3838 -0.1032 0.3039 0.9889 -0.5515 -0.6481 0.4244 -0.9638 -0.5255 -0.0122 -0.3492 -0.6424 0.4930 -0.2671 0.2993 0.4883 0.6984 0.4419 0.3152 -0.3839 0.1366 0.0851 -0.8127 0.0176 -0.2646 0.2727
-0.4696 -0.4991 -0.5120 0.1797 0.9460 0.9578 -0.2138 -0.0265 0.7841 0.8122 0.2623 -0.1312 0.5896 -0.2998 0.0053 0.2902 0.1538 0.3378 -0.0150 0.7283 -0.6095 -0.5396 0.4449 -0.0016 -0.4385 0.1440 -0.9514 0.5371 0.2909 -0.9128 -0.6458 0.9891 0.8809 -0.0601 0.9079 -0.4409 0.8297 0.7670 -0.2597 0.4954 -0.9691 0.9061 0.8566 -0.3385 -0.1436 0.1055 0.9333 0.1446 0.9272 0.9607 0.7060 -0.8493 -0.4111 -0.3886 -0.2298 -0.6182 0.7023 -0.4631 -0.3662 -0.0294 -0.6610 -0.2546 0.1136 -0.2106
0.8723 0.6884 0.3921 0.8600 0.1401 -0.8592 -0.8056 -0.5822 0.2300 0.3423 0.9801 -0.2827 -0.7198 -0.4917 0.0367 -0.4094 0.7547 -0.3549 0.4815 0.6973 0.3940 -0.7268 0.4050 0.4178 -0.2810 0.1056 -0.4128 -0.4070 0.6187 -0.1604 0.6202 -0.4876 0.7341 0.2230 0.8265 -0.8368 0.0227 -0.9896 0.0030 0.2558 0.5966 -0.6115 0.2999 -0.8581 0.4039 -0.2064 0.5916 -0.8985 0.7800 0.7732 -0.3240 -0.9448 -0.2488 0.1577 -0.8120 -0.1231 0.1566 0.3441 -0.9281 -0.3437 -0.0688 -0.6899 0.0853 0.9637
-0.4269 0.6779 0.1817 0.7208 -0.9390 -0.4995 -0.9253 -0.9223 0.6452 -0.3935 -0.2796 0.0742 -0.7459 -0.3467 0.0445 0.6557 0.5400 -0.4569 -0.5684 0.9305 0.2458 -0.0855 -0.8293 0.6840 -0.8966 -0.6112 0.0627 -0.1773 0.0813 0.3990 0.2749 -0.7233 0.4522 -0.7345 0.9517 0.9391 0.0326 0.4292 -0.3541 -0.9179 0.5904 -0.2024 -0.4583 -0.1330 -0.1221 0.4881 -0.8431 -0.4983 -0.9493 -0.6313 0.9253 -0.8383 0.6720 -0.1434 0.3919 0.3770 -0.1821 -0.8836 -0.6534 0.8304 -0.6871 -0.1153 -0.4995 -0.5204
0.0985 -0.8123 0.4292 -0.6343 0.3204 0.8692 -0.4401 0.2765 0.9097 0.0334 0.4758 0.3142 0.1087 -0.1287 0.2234 0.4601 -0.1608 -0.9046 -0.5045 0.1321 -0.2881 -0.6827 0.5157 -0.7597 -0.9712 -0.3162 -0.7679 -0.8164 -0.9080 -0.8117 -0.9185 -0.3772 0.7109 0.9590 0.4073 -0.6493 -0.0517 -0.9657 -0.8043 0.5267 -0.0168 0.6138 -0.0531 -0.3074 -0.6536 -0.0707 -0.1323 0.2995 -0.2030 -0.9039 0.2317 0.8983 0.2702 0.7734 -0.9094 -0.4782 -0.2508 -0.9694 0.2517 0.8669 0.0063 0.0021 0.7130 0.0788
0.3174 0.3679 -0.6741 0.2317 -0.8589 0.8878 0.2848 0.8885 -0.9470 0.7344 0.1716 0.2728 0.8805 0.6019 0.1509 0.3543 -0.2237 0.1467 0.2866 -0.7430 -0.0835 0.6224 0.0912 0.6413 0.8829 0.2519 -0.2278 0.6409 0.9224 0.3030 0.8107 -0.5866 -0.6084 -0.4521 -0.8613 -0.5708 -0.7984 -0.2455 -0.9636 -0.9221 -0.8111 0.2365 0.3660 -0.3269 -0.8576 0.3114 -0.3620 -0.2292 0.6898 0.3632 -0.9535 -0.3188 0.6289 -0.4786 -0.4363 -0.0079 -0.7637 0.3858 0.3935 -0.3033 0.2579 0.8733 0.7549 -0.9216
0.4701 -0.1641 0.6070 0.9352 -0.4359 0.0959 -0.6451 -0.1531 0.5012 0.1370 0.6137 0.1518 0.9810 0.4633 -0.1748 -0.7446 -0.2560 -0.5000 0.5528 0.1611 -0.3184 0.7342 0.8615 0.1237 0.7168 -0.5228 -0.1420 0.3597 0.5017 0.4798 0.5091 -0.5235 -0.7938 -0.2445 0.8051 0.0687 0.0105 -0.0069 0.6529 -0.2208 -0.3599 -0.4047 0.7910 -0.8000 -0.2216 -0.8930 -0.9783 0.9171 0.8108 0.6943 -0.8174 -0.2902 -0.3614 0.9136 0.9001 0.3535 0.9012 -0.0350 0.1469 -0.0139 0.2637 -0.8334 -0.1031 -0.8166
-0.4136 0.2049 -0.3427 0.1074 0.3450 -0.5745 0.5047 0.8924 0.5832 0.5626 0.5792 -0.7731 -0.8176 0.8619 -0.0112 0.9485 -0.8849 0.9919 0.0991 -0.8883 -0.1169 0.4741 0.7754 0.0918 -0.2982 0.4117 -0.7659 0.9373 -0.7140 0.3761 0.5230 0.6739 0.2364 0.7337 -0.7978 0.6770 -0.8318 -0.1478 0.4019 -0.5548 -0.8545 -0.2067 0.6437 0.7838 0.4125 -0.7068 -0.8373 0.0267 -0.8303 -0.5335 0.9733 0.1626 -0.2515 0.7263 -0.2587 0.7607 0.6256 -0.5266 0.8945 0.8154 0.9720 0.1838 0.5068 -0.2996
-0.2475 0.4164 -0.8330 -0.0367 0.5543 -0.2440 0.1168 0.4102 -0.1516 -0.5026 0.8127 -0.3395 -0.7776 -0.1311 -0.0147 -0.4926 -0.9773 -0.1896 -0.0627 0.1429 -0.8874 0.4819 -0.7624 0.5344 -0.7649 0.6456 0.2984 0.4884 0.4921 0.3621 0.1667 -0.5250 0.9243 -0.1996 -0.2503 -0.0446 -0.4286 -0.8342 0.7372 0.0567 -0.5528 -0.1273 0.9264 0.6042 -0.9757 0.9558 0.9398 0.1120 -0.9137 -0.3546 0.7823 -0.9132 0.0554 0.8493 0.9859 0.8382 -0.8524 -0.4940 0.1077 0.3908 0.9386 -0.8491 0.0462 -0.6676
0.2588 -0.5664 0.3915 -0.4110 -0.0909 0.9917 0.2551 0.3939 0.1686 -0.2316 0.8023 0.4742 -0.9091 0.8305 -0.4381 0.9174 0.9008 -0.8843 0.7805 -0.2110 -0.0887 -0.7865 0.2403 -0.3287 -0.4452 -0.6606 -0.6238 0.2937 -0.0726 -0.2235 -0.2933 -0.5412 0.1673 -0.4681 -0.8445 -0.2793 0.9488 -0.4801 0.9724 -0.0935 0.3963 -0.9354 0.0722 -0.4405 -0.3809 -0.1776 0.6276 0.2056 0.3695 -0.4581 -0.6748 -0.7336 0.8219 -0.8476 0.6451 0.8811 0.8996 -0.1667 0.4514 0.1623 0.2268 0.8384 -0.1635 -0.8345
0.8655 0.7533 0.7321 0.1032 -0.9096 -0.6703 -0.9473 -0.1775 -0.2471 0.5552 0.6211 -0.0393 0.9746 0.9706 -0.6992 -0.2465 0.1883 0.4992 -0.2382 -0.2140 0.9398 0.6583 0.6842 0.1382 0.6767 -0.8730 -0.0626 -0.9264 -0.1704 -0.7323 -0.4532 -0.9727 -0.8872 -0.8493 0.7294 0.3834 0.6258 0.0687 0.9994 0.4998 0.9933 0.8263 0.1109 0.1703 0.5380 0.4522 0.8895 0.5142 0.6993 -0.2443 -0.5053 -0.5178 -0.0989 -0.5899 -0.7417 -0.4971 0.9081 -0.4505 0.2123 -0.5855 -0.5427 0.7564 0.3434 0.5140
0.2363 -0.9062 -0.2837 -0.4627 -0.7729 -0.9556 0.3431 -0.0037 0.0406 -0.0476 0.5446 0.6627 0.0403 -0.3844 0.7044 0.6328 0.1038 0.9359 0.1219 -0.8232 0.7533 0.5836 -0.1930 0.1799 -0.7320 -0.0399 -0.9424 -0.1589 0.5103 0.5693 0.2406 0.2787 0.4082 0.6101 -0.5741 0.8063 -0.7273 0.2345 -0.9709 0.9609 -0.2988 0.2162 0.1798 0.2733 -0.2155 0.1096 -0.1251 -0.8180 0.8083 0.4528 -0.3035 0.0949 0.0280 -0.0982 0.5673 0.8209 -0.2069 -0.4041 0.2442 0.0472 0.7247 0.3953 0.8990 0.5929
-0.7059 -0.0813 0.8532 0.6842 -0.0158 0.5378 -0.4835 -0.8675 -0.0817 -0.9083 0.9601 0.2416 -0.0148 -0.3052 -0.3425 -0.5817 0.2668 0.1593 -0.5197 -0.3169 -0.8483 0.0745 -0.7422 -0.0798 -0.7439 0.1695 -0.6962 -0.1994 -0.7223 0.3953 0.2817 -0.6399 -0.6362 0.3930 -0.3087 -0.1767 0.7936 0.7486 -0.0521 0.0305 0.3351 0.9462 -0.6554 0.2039 -0.6154 -0.5523 -0.9183 0.6436 -0.6621 -0.3098 -0.4428 -0.3048 -0.6460 -0.9364 -0.8226 0.0974 -0.7587 0.0688 -0.0784 -0.2880 -0.5873 0.7884 -0.2715 -0.7425
0.0068 -0.3398 0.3808 -0.3568 -0.9214 -0.8154 0.5988 -0.0377 0.2558 0.3756 -0.8365 0.0233 0.7472 -0.6860 0.8417 -0.2454 -0.8778 -0.9948 -0.4462 0.7366 0.6124 -0.8310 0.4965 0.1946 -0.6310 0.9725 -0.5813 0.0732 -0.2591 0.8481 -0.0310 -0.5278 0.2365 0.5199 -0.2622 0.0625 -0.0749 0.4410 0.4949 -0.8753 -0.9266 -0.7045 -0.4951 -0.7338 0.4267 0.3743 0.7904 0.6889 0.0234 0.4992 0.0642 -0.9391 -0.7857 0.7344 -0.1052 -0.2917 0.0652 -0.2057 -0.5151 -0.7903 -0.4615 0.4748 -0.2454 -0.6354
-0.9599 0.1279 -0.3558 0.6814 -0.5771 -0.8216 -0.3450 0.0707 -0.7605 -0.5336 0.7811 -0.3141 0.1872 -0.0521 0.3582 -0.2898 0.5783 0.2976 -0.0031 -0.0408 -0.8262 0.1684 0.0742 0.4736 0.1737 0.1155 0.4909 0.1731 -0.1367 0.1289 -0.7448 -0.2425 -0.4324 -0.3251 -0.2738 0.7993 0.2918 0.2151 0.1416 -0.5113 -0.2878 -0.0035 0.9730 -0.3393 0.2115 0.8674 -0.5255 -0.9849 -0.7964 -0.5493 -0.6943 -0.2693 -0.5081 -0.0244 -0.6786 0.7016 -0.6269 -0.8242 -0.4298 0.6117 -0.6533 -0.8887 0.7935 0.6846
-0.8395 -0.8967 0.0490 -0.9635 -0.1792 0.3939 0.9648 0.9945 -0.7759 0.7932 -0.2043 0.1520 0.9389 0.8348 0.7310 -0.9894 0.6341 0.9501 -0.4842 -0.0185 -0.6582 0.4458 0.3373 0.6417 0.8588 0.4369 0.1135 0.0701 0.1432 -0.0468 -0.4400 0.6772 0.5390 -0.5898 -0.6259 0.9360 -0.3526 0.4219 -0.1491 -0.6010 0.0152 0.4725 -0.5152 0.0597 -0.7703 0.4145 0.2212 0.5356 -0.4227 -0.8254 0.1625 0.0122 -0.6913 0.8640 -0.0377 -0.3587 0.0652 0.1878 -0.8964 -0.2615 -0.3268 -0.0915 -0.7312 0.0972
-0.8733 0.0978 0.9799 -0.5965 -0.3553 0.3691 0.6197 -0.8243 -0.4907 -0.7224 0.3630 -0.9946 0.5205 -0.7666 0.1913 -0.0537 -0.0568 0.2122 -0.1763 0.5886 -0.3023 -0.7866 0.8591 0.7015 0.6612 0.4919 0.9301 -0.1830 -0.7514 0.8659 0.4617 0.9819 0.8767 -0.5900 -0.6375 -0.2415 -0.8670 0.8529 0.4822 0.4432 0.1489 -0.9038 0.6837 0.5630 -0.7205 0.6559 0.5905 0.5010 -0.5967 0.5991 -0.6727 0.6503 -0.6715 -0.6272 0.6291 -0.5286 0.3304 0.2675 0.0461 0.8157 -0.2823 -0.3676 0.7544 0.1766
-0.2151 0.3660 0.6332 -0.0961 -0.1217 0.4276 -0.2461 0.7993 -0.0746 0.2482 -0.3972 0.0796 0.4952 -0.1225 0.0054 0.1550 -0.5356 -0.2893 0.7991 -0.2170 -0.2322 0.0637 0.0871 -0.8668 0.8129 -0.5419 0.2485 0.0857 -0.7662 -0.1369 0.8797 -0.3344 0.2554 0.4611 -0.3302 0.3874 -0.7215 -0.6665 0.5881 0.7573 0.2401 -0.0092 0.0669 0.4829 0.7878 0.1463 0.5772 0.9954 -0.6967 0.5048 -0.3766 0.4140 -0.5030 0.5571 0.4879 -0.7137 -0.9329 -0.5909 0.1398 0.4281 0.5249 -0.0120 0.7535 0.5093
-0.3158 -0.7942 0.6425 0.0730 -0.7787 -0.2424 0.6929 -0.0860 -0.7450 0.2079 -0.2054 0.0046 0.5946 0.0797 -0.7002 -0.0273 -0.5415 -0.1821 0.4445 0.5438 0.4401 -0.9756 0.2823 0.1969 0.3879 0.1310 0.0854 0.4324 -0.4964 0.1981 -0.3086 0.6536 -0.6368 0.9181 0.8169 -0.3150 0.1668 -0.5453 -0.1983 -0.1528 -0.0760 -0.4241 0.8946 0.2299 -0.6933 0.8237 0.1725 -0.7218 0.0118 -0.7984 0.2229 -0.4880 -0.9638 0.4522 0.7442 0.1859 0.8642 -0.7956 0.1303 0.8375 0.3933 0.5802 0.8450 -0.9540
0.4145 0.3027 -0.6949 0.5425 0.1526 -0.2511 0.2134 -0.8622 -0.1517 -0.8454 0.4729 -0.7915 0.8687 0.6809 0.8511 0.8214 -0.0983 -0.7544 -0.7735 -0.5282 0.9697 -0.6690 0.6778 -0.6274 -0.7507 0.6750 0.8417 -0.3357 0.7398 -0.3771 0.0377 -0.5452 0.1826 0.2158 -0.2020 -0.2414 -0.8905 0.4885 -0.3296 -0.5888 0.6057 0.5756 -0.9907 0.2074 -0.3330 -0.7715 -0.2037 -0.1710 0.0748 0.7270 0.8397 0.8459 -0.3073 -0.0686 -0.3061 -0.0383 0.4750 0.8369 -0.0956 0.1741 -0.5508 -0.9343 -0.0951 0.8255
-0.7183 -0.5035 -0.6472 0.1553 -0.0033 -0.6690 -0.1621 -0.9322 0.8297 -0.3771 -0.2752 0.5610 0.1612 -0.4448 0.2645 -0.5598 -0.9738 -0.5746 0.3271 0.0303 -0.6439 0.9511 0.9221 -0.0820 -0.7027 0.1146 -0.1708 0.7213 -0.8293 0.0701 0.9937 -0.6311 0.0044 -0.4008 0.1908 -0.3801 -0.8658 -0.2054 0.4999 -0.1464 -0.5802 0.5996 0.7961 -0.3012 -0.5897 -0.0635 -0.6186 0.2500 -0.9269 -0.2445 -0.0559 0.6731 0.1297 0.1749 -0.8686 -0.4119 0.5511 0.4281 -0.0934 0.0553 0.0488 0.0689 -0.1185 -0.0378
-0.1985 -0.0060 0.1193 0.5307 -0.6895 -0.7940 -0.6361 -0.3313 0.7236 -0.8490 0.8922 0.5065 -0.2534 -0.4554 -0.4585 0.7949 0.2880 0.0532 -0.1825 0.6015 -0.9492 0.9579 -0.6877 0.6796 0.4319 0.7340 0.3178 -0.1840 -0.9458 0.1034 -0.5561 -0.4922 -0.5379 -0.6078 0.3438 0.0110 -0.9606 0.1901 -0.7918 -0.3215 0.5998 0.1389 -0.6429 0.7749 0.3055 0.1134 -0.5236 0.4416 -0.8011 0.6106 -0.5137 0.9775 0.4445 0.2064 0.7114 0.6137 0.6604 0.9253 -0.2056 0.8888 0.3362 -0.7178 -0.5900 -0.1872
-0.4137 -0.3520 0.7927 -0.8261 -0.9740 0.2665 -0.8290 0.4718 -0.5842 0.6963 -0.9469 -0.7544 -0.6371 0.7529 0.1661 0.2859 -0.1572 0.4079 0.7853 0.8212 0.6349 0.2495 -0.3164 -0.3283 -0.4812 0.6502 -0.2406 -0.2739 0.1806 -0.9315 -0.4639 0.6613 0.2483 -0.3096 -0.1812 0.5477 0.1041 -0.2745 -0.1277 0.7221 -0.4111 -0.5610 0.8969 0.9491 0.5272 0.5595 -0.7198 -0.7715 0.7369 0.1316 -0.0251 0.9707 0.7891 -0.0579 0.5997 -0.6358 -0.1496 -0.0304 -0.9551 0.0249 -0.4626 0.4834 0.0833 0.3977
0.2670 -0.1949 -0.4842 -0.5640 -0.7213 0.2901 0.6699 -0.1566 0.9688 -0.7354 0.0514 0.8011 -0.6566 0.3824 -0.4554 0.3664 -0.9632 0.6452 0.8286 0.0593 -0.7645 0.6301 0.1530 -0.0038 -0.4519 -0.8656 0.1084 -0.1895 0.3028 -0.0051 0.6595 0.4404 -0.5872 -0.7868 -0.9780 -0.7200 -0.7262 -0.4726 0.8000 -0.4670 0.7478 0.4644 0.1948 -0.4985 0.2010 0.2662 0.3301 -0.0115 -0.6493 0.1466 0.8288 0.6762 -0.1625 -0.1912 -0.2337 0.5418 0.0378 -0.1559 -0.9061 -0.2923 -0.6674 0.9173 0.4761 -0.6313
-0.8344 -0.8193 0.2063 0.5420 -0.5093 -0.8635 -0.2214 0.6742 -0.4226 -0.1256 -0.2887 0.8310 0.4381 0.4431 -0.4058 0.2208 0.1328 0.8986 -0.0479 -0.2067 0.3273 0.9082 0.8737 -0.7300 0.4651 -0.0325 -0.5701 -0.4602 -0.9376 0.0797 -0.4755 -0.6760 0.1902 0.6831 -0.8971 0.6928 -0.0073 0.9105 0.1937 -0.6907 -0.3315 0.2467 0.5418 -0.0515 -0.7868 -0.3112 -0.8497 -0.2969 0.4564 -0.1744 -0.0090 0.4099 0.3768 0.1966 -0.1303 -0.0806 -0.5072 -0.8481 0.6382 -0.8445 0.5988 -0.9953 0.3894 0.9354
-0.4557 -0.9895 0.1805 -0.7938 -0.2781 -0.3708 -0.8168 0.6149 0.8346 0.9242 -0.7264 0.5800 0.9005 0.3811 -0.1080 0.0426 -0.6297 -0.8266 0.0838 0.9163 0.7459 0.5168 0.4644 0.2779 0.6131 0.5181 0.3176 0.4482 0.3846 0.2745 0.6984 0.9612 -0.5007 0.8067 -0.0212 0.2933 -0.5576 0.3864 0.9753 -0.8968 0.8881 0.3398 -0.9211 -0.9117 0.4112 0.1765 0.8505 0.9987 -0.6388 0.1116 0.1359 -0.0536 0.8310 -0.3743 -0.9321 -0.7590 0.3948 0.4620 -0.4053 -0.6148 0.8488 -0.7694 0.9421 -0.1565
0.8885 0.5907 -0.0516 0.4901 0.7241 -0.8902 0.6891 -0.0897 -0.3618 0.0449 0.6578 0.2891 -0.9260 0.3003 0.1925 -0.2706 -0.5400 0.1214 -0.7589 -0.0379 -0.8461 0.7700 0.3926 0.0605 -0.3203 -0.1179 0.4495 -0.1910 -0.8693 0.1449 -0.3694 0.6080 0.0790 0.0768 0.5814 0.3233 -0.3625 0.4757 0.2518 0.0403 0.7720 -0.1464 0.2317 0.7533 -0.5341 -0.1650 -0.9512 -0.0761 0.7402 0.9807 -0.9575 -0.9995 0.7494 -0.6291 0.0579 -0.2321 0.8781 0.8652 0.5976 -0.8599 0.9959 -0.9810 -0.2986 -0.8946
0.5344 -0.8229 -0.1961 -0.9248 -0.0402 -0.0404 0.2550 0.1615 0.7474 -0.4566 0.9682 -0.2034 0.5365 -0.8166 -0.1645 -0.3273 -0.1573 0.0450 0.4752 0.4645 -0.5224 -0.9933 -0.7791 -0.0654 -0.2908 -0.4060 -0.4255 0.7056 -0.4074 0.4311 -0.5328 0.1782 -0.9158 -0.4455 -0.9643 0.8207 0.9754 -0.9098 -0.1445 -0.7811 -0.2313 -0.2167 0.3593 -0.7511 -0.5635 0.9128 0.8999 0.5960 0.5727 -0.4820 -0.8212 0.1771 -0.1648 0.9647 0.7582 0.7684 0.8895 0.2016 -0.0652 0.8074 0.2268 0.9784 -0.6659 0.4867
0.9823 -0.8700 -0.5367 -0.1968 0.8855 0.6757 0.2993 -0.5389 0.2155 0.6613 0.0254 -0.7593 -0.5387 -0.9061 -0.6469 -0.2318 -0.5590 -0.9265 -0.6271 0.9145 0.5592 0.6524 -0.2997 0.6015 -0.8843 0.2596 0.9382 -0.5674 0.7676 0.0365 0.8555 0.1945 0.9898 0.0501 -0.6522 -0.4795 -0.2075 0.0305 0.5165 -0.0176 0.3920 0.9927 -0.6922 0.7949 0.6317 -0.0732 -0.5511 0.2459 -0.5524 0.4957 0.0739 -0.9303 0.1859 0.7898 0.1602 0.7203 -0.8170 -0.0851 0.7549 -0.2177 -0.4688 -0.4541 -0.7410 -0.0466
0.7775 -0.9112 0.9113 0.7044 0.7243 -0.9292 0.6190 -0.3419 0.3105 0.8632 0.1017 0.4704 -0.8260 -0.4372 -0.1831 -0.4947 -0.2546 -0.9898 -0.4805 0.3914 0.4468 -0.9024 -0.0082 0.0652 -0.8379 0.9242 -0.5596 -0.7811 0.3665 0.7890 -0.8477 0.9830 0.7024 -0.8770 -0.0097 0.7658 -0.0388 0.0322 0.1848 0.8130 0.6494 0.1426 -0.3044 0.3242 0.3560 0.0876 0.1315 0.7290 -0.4659 0.4678 0.7573 0.0425 0.5949 0.7363 0.3169 -0.5094 0.7012 -0.6853 0.7346 -0.6792 0.4167 -0.3320 0.6740 -0.5226
0.3949 0.8602 0.3603 -0.7883 0.2372 0.3980 0.5054 -0.6216 -0.6828 0.7633 0.7617 0.9226 0.7437 -0.0691 -0.9415 0.7581 0.6516 -0.9897 -0.7423 0.6399 -0.3298 -0.5427 0.4870 0.8174 -0.6785 -0.9978 0.6359 0.1124 0.6643 0.5133 0.0149 -0.4826 -0.9872 -0.6137 -0.4259 -0.8318 0.2339 -0.3471 0.9624 0.1197 0.2636 -0.7683 -0.4804 -0.2466 0.2680 -0.9819 0.0800 0.6374 0.5597 -0.7431 -0.7860 -0.4333 0.5221 -0.9631 0.0825 -0.1355 0.9260 0.6802 -0.3163 -0.2157 0.2652 -0.6410 0.8641 0.5074
-0.7950 0.5776 0.8745 -0.6525 0.3758 0.5417 -0.8643 0.8946 -0.3981 -0.6672 0.4163 0.5420 -0.8653 0.4171 0.1643 -0.0529 -0.3082 -0.8842 0.2418 -0.8506 -0.9085 0.7048 0.7431 0.9803 0.9470 0.3521 0.9378 -0.1081 0.4993 0.2951 -0.7398 0.1888 0.5165 -0.2328 -0.9508 -0.8687 -0.9558 0.6430 -0.3528 -0.2563 -0.0227 0.6376 0.5408 -0.4950 0.3666 -0.9979 -0.1082 -0.6821 -0.4527 -0.0629 0.9942 0.8886 -0.1476 -0.7956 -0.0972 0.7084 -0.6728 0.0540 0.5896 0.6518 0.3874 -0.4033 -0.5585 0.6799
-0.8352 0.5456 0.3610 -0.5399 0.3090 -0.7373 -0.4535 0.7361 0.9017 0.9265 -0.6979 -0.9374 -0.1353 0.4625 0.8872 0.8190 -0.1605 0.7147 0.2771 0.9290 -0.2048 0.5202 -0.4516 -0.1154 0.9680 -0.3761 -0.1813 -0.3585 0.7882 0.4488 -0.5401 0.4917 -0.5738 -0.5993 -0.9377 0.7362 0.3033 0.4298 -0.2629 0.1255 0.7287 -0.0569 -0.0536 0.0865 0.9364 -0.6815 -0.6289 -0.5926 0.7372 -0.8177 0.5532 -0.6927 0.5418 -0.0926 0.6896 0.0607 0.5220 -0.9643 0.2524 0.5936 -0.7375 -0.4117 -0.9349 0.8237
0.8417 0.9350 0.2333 -0.6291 0.5931 -0.0758 -0.0370 -0.9975 -0.7654 0.1967 -0.7496 0.2146 0.3711 -0.5049 -0.1394 0.1168 -0.5990 -0.5489 -0.0168 -0.6783 -0.8716 0.3030 0.1639 -0.3481 -0.4620 0.1805 0.5951 -0.1335 -0.3793 0.9687 -0.0896 -0.7008 -0.9768 -0.0708 -0.8551 0.3609 -0.2150 -0.2089 -0.0401 0.9494 0.2000 0.4438 -0.4167 0.3140 0.3900 0.5141 0.7202 0.9053 0.5597 0.8156 -0.9208 0.4486 -0.0390 0.4983 -0.7901 -0.7082 -0.5159 -0.7944 0.9733 0.1418 -0.7150 -0.9633 -0.0022 -0.0353
0.2363 -0.5793 0.4049 -0.3080 0.1193 0.5516 -0.9805 0.8825 -0.3471 -0.8552 0.0354 0.0685 -0.8243 0.7651 -0.2987 -0.8350 -0.9336 0.6490 -0.8428 -0.2844 -0.2062 -0.3558 -0.7346 0.9549 0.1351 -0.5983 0.3789 0.3864 0.6012 0.6429 -0.5997 -0.9176 -0.6650 0.3408 -0.7909 0.9031 0.2729 -0.7516 0.4130 0.7924 -0.9368 0.1896 0.8724 0.2332 -0.8961 0.2259 0.0826 -0.4023 0.4181 0.8704 0.7419 0.8947 0.4282 0.2506 0.6035 0.5668 -0.3211 0.2245 0.6297 -0.0312 -0.8398 0.3216 0.7896 0.1060
0.0952 0.1950 0.6346 0.5677 -0.0954 -0.0382 0.2872 -0.9185 0.0528 -0.6720 0.4632 -0.1228 -0.8367 0.4497 -0.8793 0.1866 -0.5058 0.3006 -0.6809 -0.0414 0.7436 0.2315 -0.5616 -0.3420 0.9517 -0.0596 -0.3262 0.4886 -0.6358 0.7437 0.5794 -0.1327 0.3174 -0.9127 -0.0036 -0.6767 0.1107 -0.9583 0.4384 0.3065 -0.5431 -0.3354 0.9927 0.0850 0.9496 -0.0134 0.3007 -0.8369 -0.6009 -0.1935 0.3605 -0.5589 -0.8556 -0.1632 -0.9387 -0.5928 -0.4846 0.6809 -0.0748 -0.6516 0.7365 0.9216 0.4543 -0.1682
0.4854 0.6925 -0.1490 0.2575 -0.3081 0.4707 -0.2579 0.5354 0.9753 0.0097 -0.9198 0.0866 0.7341 0.0280 0.1574 0.1761 -0.1228 -0.9412 0.4505 -0.2090 -0.0267 0.2124 0.7468 0.1954 0.8014 0.5859 -0.1566 0.3100 -0.4463 0.9843 0.1847 -0.4323 0.8247 -0.2817 -0.5787 -0.2323 0.2459 -0.0684 0.2631 0.6720 0.4662 -0.5284 -0.7369 0.5520 0.4316 -0.1894 0.8181 0.2037 -0.6406 0.2651 -0.5249 -0.2543 0.9428 0.0252 -0.6380 -0.1739 0.7088 -0.8617 -0.0154 -0.1257 -0.5055 -0.8052 0.7415 -0.1900
-0.1094 0.1858 0.0296 0.1588 -0.2815 0.3252 0.1859 -0.8095 -0.6730 0.3042 -0.2178 -0.3757 0.9388 -0.2019 -0.4837 0.7160 0.3135 -0.9819 -0.3496 0.1768 0.5469 0.1974 -0.7383 -0.2067 0.9396 -0.5259 -0.0924 -0.5307 -0.5279 0.7674 -0.8530 -0.1160 -0.6605 -0.3382 0.0395 -0.1024 -0.3260 0.3388 0.6578 -0.7085 -0.1382 -0.1011 -0.5026 0.1758 0.2343 0.8972 0.4136 -0.4949 -0.6659 -0.2815 -0.6648 -0.2413 -0.9267 0.2111 0.4728 -0.2865 0.3276 0.0670 -0.0507 0.5636 0.6883 0.4108 0.6113 -0.1073
0.1707 0.7284 0.7365 0.1163 -0.5883 0.0798 -0.7762 -0.9316 -0.4605 0.9734 -0.8858 -0.7541 0.0623 -0.5377 0.8732 -0.8966 -0.9213 0.2800 -0.7558 -0.5506 -0.0956 -0.6400 0.8678 -0.8229 -0.3677 -0.7934 0.0145 0.1693 -0.9169 0.3764 -0.7033 -0.2052 0.9733 -0.0402 0.9302 0.3719 -0.9901 -0.9652 0.9036 -0.3537 0.2782 0.9462 0.7358 0.1602 -0.0905 -0.4916 0.0312 0.0435 -0.0223 -0.3147 0.3337 0.0645 -0.7207 -0.7485 -0.9401 -0.7346 -0.3841 -0.7129 0.4094 0.8796 -0.5963 0.4658 0.3469 -0.6752
0.9398 -0.6233 -0.8122 0.4617 0.3452 -0.6877 -0.1125 -0.5309 0.7363 0.9267 -0.6457 -0.4894 0.3853 0.3233 0.6762 0.9573 0.8892 -0.2514 0.3665 -0.9650 -0.0057 -0.5117 0.2357 0.6618 0.7378 0.7292 0.1412 0.5370 -0.9392 -0.7738 0.8619 0.5910 0.3791 0.8374 0.3530 0.2012 -0.5686 0.8818 0.3178 0.6537 -0.2123 0.3339 0.3025 0.1544 -0.7868 -0.3029 0.3157 -0.6814 0.9988 0.2099 -0.9036 -0.3638 0.9543 0.7329 -0.1862 0.9867 0.7415 0.5049 0.5648 -0.8190 0.1340 -0.4226 0.4769 -0.7818
0.7570 0.3010 -0.1917 0.5304 -0.3459 0.8513 0.3352 -0.1237 0.6157 0.8028 0.5246 0.7558 0.5956 -0.3656 -0.1288 0.7378 0.6357 -0.2487 -0.7596 -0.4063 0.0890 0.2981 -0.9885 -0.3432 -0.3508 0.2604 -0.2671 0.2197 -0.2077 0.1269 0.3909 -0.2392 -0.2229 0.0970 -0.1026 0.1930 -0.5249 0.0914 -0.2535 -0.1112 -0.5455 -0.9707 -0.8536 0.1741 0.2069 -0.6631 0.3364 0.2852 0.2390 0.5187 -0.0730 0.0009 -0.2404 0.0847 0.7267 0.9030 0.0382 0.6943 -0.0416 0.8285 -0.9487 0.6275 -0.3175 -0.7822
-0.2396 -0.7020 -0.2024 0.0532 0.1603 -0.5079 0.0672 -0.0466 0.2158 -0.2113 0.5298 0.0988 0.6260 0.4938 0.4362 0.4310 0.9110 0.0425 -0.9635 0.6448 -0.6084 -0.1383 -0.9849 0.7934 0.2949 -0.8574 0.7961 0.9093 -0.5130 0.3094 0.8541 -0.2399 -0.8795 -0.6057 0.8689 -0.0416 -0.2968 -0.6109 -0.7972 -0.6673 -0.0283 0.2347 -0.4864 0.0462 -0.4303 0.3402 -0.3854 0.8592 0.6061 0.0645 0.0783 0.1619 -0.3774 -0.8207 0.2207 0.4353 0.4323 -0.2002 -0.4548 0.9535 -0.1729 0.6463 -0.7562 0.0450
-0.6377 -0.7536 0.3622 0.7188 -0.6371 0.5996 0.0503 -0.6308 0.4181 -0.4094 -0.7862 0.5868 0.1346 -0.6295 -0.4869 0.8355 0.9259 -0.1509 -0.0329 -0.8259 0.6120 0.6315 0.1005 -0.2530 -0.9132 0.0530 0.2663 -0.7754 0.9028 -0.9948 0.2032 0.2760 0.6384 0.0304 0.7684 0.1871 -0.5438 0.5875 -0.5759 0.2932 0.2220 -0.6505 -0.1779 -0.2785 0.6797 0.8118 0.8000 0.5399 -0.2932 0.1133 -0.5263 -0.4887 0.5611 -0.3959 -0.4504 0.4639 0.6452 0.7023 -0.1525 0.3428 0.3351 0.6191 -0.8089 0.5333
0.2477 -0.7006 -0.0965 -0.1521 0.1732 -0.6940 -0.6640 -0.5295 0.4737 0.7385 0.7256 -0.0542 -0.5665 0.0707 -0.8086 -0.6431 -0.9527 -0.3755 0.2839 -0.5395 0.2142 -0.5876 0.0934 0.2759 -0.5361 -0.4862 -0.2182 0.2640 0.1890 -0.8831 -0.0065 -0.7165 0.9756 -0.4509 -0.7271 0.1941 0.3903 0.3517 -0.1914 -0.1146 -0.1436 -0.1084 0.4352 0.4490 0.3849 -0.9684 0.9825 -0.3178 -0.7432 0.6374 -0.7918 0.2064 0.4487 -0.3255 0.1568 0.8110 -0.4517 0.5452 -0.8412 -0.4702 -0.8287 0.2906 0.7884 0.1915
-0.6163 -0.1976 -0.3533 -0.2661 -0.5467 -0.3129 -0.2900 0.2343 -0.8612 -0.1152 0.0381 0.6637 -0.8648 0.3392 0.6007 -0.8601 -0.5326 0.2803 0.0800 -0.4577 0.7602 0.1856 0.3018 0.3603 0.0659 -0.5383 -0.3513 -0.0863 -0.3340 -0.6194 0.3390 -0.8953 0.9883 -0.2430 0.3237 -0.2741 0.1156 0.9910 0.4613 -0.1073 -0.0696 -0.3329 -0.8797 0.1610 0.1246 -0.8225 0.9153 0.9233 -0.6494 0.2699 0.3800 0.5097 -0.5981 -0.6590 0.0717 -0.1810 -0.8066 -0.1546 -0.0993 0.6436 0.5123 -0.9975 -0.3049 -0.3983
0.3298 0.9625 0.5909 -0.0502 0.8544 -0.2349 -0.5307 -0.7603 -0.2014 0.9483 -0.6952 -0.9599 0.9850 0.4744 0.8540 0.5372 0.0799 -0.5127 0.6841 0.3431 0.0419 -0.8141 0.2472 -0.4859 -0.8218 0.5758 0.5105 0.7294 -0.7446 0.2170 0.6521 0.0137 0.5641 -0.6814 0.4175 -0.8738 -0.9277 -0.7647 -0.3937 -0.5453 -0.4738 -0.3167 -0.2797 -0.2382 -0.8247 -0.3074 0.8739 -0.5219 0.1076 0.0194 -0.3890 0.6506 -0.2060 -0.4406 -0.1056 0.8848 0.2012 0.7467 0.0314 -0.6765 0.8388 0.5726 -0.0061 0.1492
0.9843 0.1332 0.7028 -0.2179 -0.5830 0.0023 0.8612 -0.2056 -0.7673 0.0795 0.6349 0.2559 -0.2388 0.3486 0.7559 0.0650 0.7361 0.4428 0.6119 -0.7174 0.5801 -0.5760 -0.3906 0.6375 -0.8382 -0.3549 -0.1940 -0.9542 -0.6530 -0.6924 0.3899 -0.5528 -0.3078 0.9146 0.9512 0.1461 0.2819 0.8655 0.6450 0.1503 -0.7350 -0.0413 0.7240 -0.3725 0.8455 0.2127 -0.0259 -0.7216 0.2125 0.7965 0.5296 0.6587 -0.6503 -0.3649 0.0051 0.9056 -0.2027 0.6504 -0.7073 0.3326 -0.2649 -0.7565 -0.8637 -0.0435
-0.9484 0.0122 -0.7297 -0.5349 0.9262 -0.8401 0.0991 0.5534 0.9316 -0.7559 -0.1350 0.1886 -0.3764 0.8729 0.0123 0.7522 -0.1210 -0.4445 -0.7887 0.7029 0.2817 -0.9993 -0.5679 -0.9646 0.2392 0.2051 0.3004 -0.2704 -0.6960 -0.2271 -0.8773 0.1289 0.5615 -0.6164 -0.0804 -0.5765 -0.8837 -0.0308 0.9897 0.5085 -0.8844 0.2390 0.3901 -0.4053 0.9674 -0.1393 -0.5216 -0.6587 -0.7155 -0.8507 -0.7572 0.5654 -0.3934 -0.4692 -0.7979 -0.6445 0.3843 0.3832 -0.8754 0.2361 0.0188 0.2664 0.9934 -0.5422
0.6279 -0.5347 0.2304 -0.5584 -0.3875 -0.6525 0.2478 0.3114 0.0541 0.6960 -0.1478 0.4486 -0.7386 0.5842 0.7732 -0.1904 -0.1004 0.3082 -0.6108 -0.2915 -0.2645 0.0510 -0.1717 -0.0367 0.6551 -0.6462 0.4672 -0.2258 0.5386 0.9276 -0.9779 -0.5028 -0.1677 -0.7324 -0.0373 -0.1628 -0.9616 0.5807 -0.4804 0.1643 0.5206 0.3619 -0.7258 -0.6206 0.0706 0.2379 -0.5696 -0.3530 -0.9758 0.6686 -0.5176 0.2586 0.9517 -0.6023 0.6031 -0.8708 0.9192 -0.9147 -0.0243 -0.2572 -0.7805 -0.4683 0.0959 0.2922
-0.0912 -0.0013 0.6887 -0.4680 -0.8038 -0.7015 -0.0235 -0.7456 -0.6999 0.7293 -0.3506 -0.5130 0.4747 0.3034 -0.0480 0.6214 -0.2482 0.2282 -0.2110 0.7191 -0.0811 -0.2152 0.5700 0.9124 0.7842 -0.7337 0.9107 -0.7957 0.5738 0.3174 -0.3692 0.8857 0.3763 0.6178 -0.1248 -0.8472 -0.4907 -0.4413 0.6817 0.8606 -0.9231 -0.4939 0.8035 0.5623 -0.0770 0.6503 0.2744 -0.0091 0.3187 -0.2273 0.7902 -0.0998 0.2733 -0.5461 0.2279 0.7788 -0.8667 -0.0988 0.0368 0.7649 -0.6997 -0.7886 0.4749 0.9766
0.0244 -0.1135 0.3605 -0.9043 -0.9167 -0.9240 -0.8304 0.4924 0.4326 0.3181 -0.8558 0.6043 -0.8575 -0.7893 -0.9758 -0.9289 0.9130 0.0172 0.4750 -0.2248 -0.2935 -0.0761 -0.4069 0.9832 -0.3006 0.9415 0.5493 0.8846 0.3227 0.5677 -0.6296 -0.2903 -0.6518 -0.1757 -0.8032 0.0992 0.3206 0.6611 0.5287 -0.8626 -0.4699 -0.1514 -0.9581 -0.8348 -0.8357 0.0293 0.9357 0.7978 -0.4091 0.5650 0.5384 -0.5443 0.2493 0.9520 -0.2361 0.3347 -0.5886 -0.9791 -0.7572 -0.4892 0.2300 -0.4786 0.5493 -0.8615
0.2878 0.9197 0.0606 -0.0435 -0.9161 0.7916 0.9370 -0.3556 0.5974 -0.7495 -0.4144 -0.0513 0.9599 -0.7721 0.2038 -0.0280 0.1648 0.8406 0.4961 0.0415 0.6235 0.2330 0.3130 -0.6867 -0.7438 -0.9125 -0.3235 -0.7784 0.8562 0.1971 -0.5508 -0.8100 -0.2557 -0.2480 -0.1358 0.1002 -0.1212 -0.2227 0.2259 -0.6726 0.8862 -0.4524 -0.5186 0.8566 -0.7570 0.3520 -0.6051 -0.0079 0.7738 -0.9746 0.2916 0.9848 -0.4282 0.3429 0.6319 -0.3662 0.7227 0.7585 0.6930 -0.4831 0.8379 0.0880 -0.4955 0.2721
0.5101 -0.5579 -0.0789 0.9568 0.6840 0.4964 0.4570 0.1156 0.5529 -0.6388 0.3123 -0.8923 -0.6451 -0.3599 0.0901 0.5064 0.9693 -0.4613 0.8748 0.0791 -0.9137 0.4559 -0.6704 -0.7841 -0.7365 0.3706 0.4520 -0.8163 0.6356 0.9303 -0.5730 -0.0232 0.0117 -0.6986 0.6814 -0.3152 0.4656 -0.1732 0.0845 0.5164 0.1807 0.4868 0.0167 0.2239 -0.4049 -0.7881 0.1300 -0.6969 0.3778 -0.8125 0.7466 0.1543 0.2726 0.7543 0.5222 -0.1324 -0.6799 -0.6783 -0.0769 0.1161 -0.9813 0.6235 -0.5066 0.4834
0.4529 0.7629 0.9836 -0.4442 -0.8016 -0.6121 -0.1970 0.7596 0.6001 0.3151 -0.5919 -0.3781 0.1102 0.4847 0.4661 0.6302 0.2320 0.2300 -0.6240 0.3758 -0.2892 -0.2495 0.5676 0.0774 0.1085 0.0483 -0.9895 0.6961 0.5220 0.6799 -0.9294 0.6654 0.4915 -0.9779 -0.5950 0.4991 0.9161 0.5174 -0.2641 0.3568 -0.3461 0.5125 -0.7022 0.6839 -0.3888 -0.0594 0.7533 0.0041 0.9927 -0.7506 -0.2634 -0.2292 -0.1028 0.2867 0.4441 0.5608 0.7724 -0.5656 0.1861 -0.7244 -0.2169 0.3261 -0.1748 -0.9962
0.3912 -0.6433 -0.9936 -0.9419 0.2392 -0.6662 -0.2890 -0.6374 0.5884 -0.2247 -0.8140 -0.1953 0.1764 0.7485 -0.0381 0.0202 0.2847 0.4468 -0.8703 -0.7917 0.1600 -0.5491 0.1230 0.4059 0.1213 -0.8944 0.2070 -0.0268 0.3529 0.1987 0.6100 0.2043 -0.4604 -0.9541 0.6501 -0.3558 -0.0035 0.2730 -0.8459 -0.7020 -0.8829 0.3908 -0.3315 0.4919 0.5698 0.9639 0.4154 -0.5803 0.5772 0.6503 0.0345 0.0406 -0.1196 -0.2531 -0.7051 -0.7552 -0.3436 0.4710 -0.1320 -0.5283 -0.8228 -0.2572 -0.5588 -0.8749
0.1965 0.6027 0.4713 0.5332 0.9967 0.4672 0.8662 -0.4011 0.2851 -0.6530 -0.1575 0.2751 0.2724 -0.0077 0.5713 -0.6435 -0.7633 0.3718 -0.1802 0.9823 0.6796 0.4944 -0.2323 0.4800 0.1437 0.9006 0.1755 -0.5941 -0.6310 0.1311 -0.2755 0.9593 -0.3310 -0.6694 -0.9476 0.4005 -0.9516 0.1716 0.6634 0.1730 -0.4539 0.3953 0.0362 0.8592 -0.4025 0.5652 0.8814 -0.8877 -0.4814 0.7055 -0.1407 -0.5489 0.7455 -0.2462 0.6839 -0.0765 -0.6278 -0.0382 0.6053 -0.1296 -0.0836 0.8747 -0.0341 0.4120
-0.7330 0.2623 -0.8388 -0.9003 0.4559 0.8078 -0.0071 0.8188 -0.1263 0.5604 0.4590 -0.9859 0.5310 -0.8854 -0.6822 -0.5496 0.2205 -0.7373 -0.7293 -0.2023 0.5028 0.8452 0.3139 -0.0559 0.9132 -0.9732 -0.8621 -0.4345 -0.8859 -0.9108 -0.4356 -0.9274 -0.4766 -0.4486 -0.5060 -0.4488 0.8125 0.5743 -0.5009 0.9497 -0.4561 -0.2576 0.5188 -0.1422 -0.1005 0.6896 0.5534 -0.4637 -0.8693 -0.6872 -0.0249 0.7062 -0.9328 -0.9070 -0.8747 0.2394 0.8129 0.1240 -0.7215 -0.3082 0.0648 -0.3696 -0.1778 0.5437
-0.3053 -0.8272 0.7997 -0.5264 -0.9564 0.4649 0.3276 0.0966 0.9268 -0.7440 0.1203 0.7643 0.8736 -0.2131 -0.8955 0.6557 -0.1624 0.5754 -0.4797 0.2489 0.4616 -0.0110 0.9626 0.9591 -0.4869 -0.7101 0.3083 0.4503 -0.6038 -0.6176 0.1307 -0.3235 -0.0721 -0.3826 0.9440 0.8941 0.2171 0.9347 -0.3010 -0.6340 -0.7718 -0.9559 -0.6975 0.4400 -0.5494 -0.1640 -0.4981 -0.8223 0.7012 0.3675 0.1224 0.0902 0.0468 0.9610 -0.7705 -0.5452 0.7203 -0.1920 0.4456 0.0851 -0.8647 0.5834 0.4157 0.0977
