64
64
0.195068 0.373047 0.629883 0.00403214 0.0235138 0.675781 0.20166 0.367188 0.724121 0.0561829 0.186279 0.132202 0.268555 0.168579 0.630371 0.449219 0.301514 0.194946 0.478271 0.66748 0.543945 0.753906 0.458252 0.541992 0.110779 0.42334 0.366211 0.649902 0.296631 0.60498 0.739258 0.491699 0.978027 0.369141 0.495605 0.00173664 0.0448303 0.697266 0.368896 0.769043 0.753418 0.555176 0.901367 0.0220642 0.723633 0.531738 0.471191 0.0254822 0.726562 0.949219 0.692871 0.270508 0.703125 0.151245 0.812012 0.813965 0.574707 0.178345 0.463867 0.871094 0.783691 0.203003 0.362793 0.761719
0.572266 0.858398 0.763672 0.616699 0.555664 0.132446 0.385986 0.309326 0.687988 0.287354 0.331299 0.411621 0.819336 0.802734 0.437256 0.545898 0.751953 0.130249 0.816406 0.455322 0.281494 0.628418 0.269287 0.855957 0.806641 0.73291 0.727051 0.590332 0.936035 0.0899048 0.351807 0.508301 0.948242 0.115356 0.125122 0.503906 0.247803 0.51123 0.813477 0.935547 0.798828 0.144775 0.347412 0.617676 0.947266 0.784668 0.163452 0.699219 0.914551 0.979492 0.154663 0.196289 0.60791 0.423828 0.0522766 0.414795 0.15686 0.779297 0.00489426 0.0930176 0.869141 0.356934 0.601074 0.817871
0.472168 0.726074 0.321777 0.720215 0.237549 0.135132 0.655762 0.0361328 0.279785 0.00305367 0.653809 0.227295 0.787598 0.817383 0.926758 0.702148 0.796875 0.0814209 0.898438 0.405029 0.505371 0.950684 0.819824 0.662109 0.730469 0.824707 0.755371 0.599609 0.181396 0.356445 0.417236 0.653809 0.0827026 0.739258 0.373779 0.320068 0.874023 0.0293884 0.356201 0.154175 0.0324402 0.0101624 0.381348 0.819824 0.827637 0.308105 0.522461 0.624512 0.389404 0.420654 0.0294952 0.894531 0.371582 0.849121 0.557129 0.101807 0.673828 0.312012 0.70166 0.855469 0.668457 0.118774 0.508789 0.750977
0.85791 0.882324 0.0712891 0.731934 0.912109 0.42749 0.88623 0.944336 0.437744 0.267578 0.76416 0.265137 0.575684 0.286621 0.889648 0.965332 0.70752 0.919434 0.859863 0.0789795 0.768555 0.416992 0.180786 0.442383 0.729004 0.882324 0.297607 0.397461 0.00104523 0.806641 0.148438 0.858887 0.688965 0.219727 0.591309 0.601074 0.647461 0.477295 0.54541 0.085144 0.745117 0.30957 0.350342 0.320801 0.596191 0.240112 0.286133 0.303711 0.159424 0.145996 0.382568 0.927734 0.562988 0.563477 0.370117 0.291748 0.445557 0.66748 0.689453 0.446777 0.474121 0.837891 0.305664 0.162964
0.0574951 0.896484 0.763672 0.705078 0.374023 0.309082 0.790039 0.119141 0.618652 0.140381 0.439941 0.214966 0.380371 0.726074 0.518555 0.540039 0.87207 0.901367 0.467529 0.435059 0.4646 0.837891 0.727051 0.910156 0.505371 0.416016 0.356934 0.979492 0.253906 0.662598 0.142456 0.311279 0.559082 0.90625 0.0161896 0.933105 0.215454 0.806152 0.0523987 0.833984 0.946289 0.492432 0.0491638 0.326904 0.218384 0.567871 0.866699 0.0905151 0.468994 0.334473 0.525391 0.933594 0.172241 0.252441 0.84375 0.677734 0.668457 0.200439 0.657227 0.922363 0.862793 0.799805 0.233643 0.422119
0.706055 0.249878 0.355225 0.921387 0.0560608 0.407715 0.755371 0.00256538 0.899902 0.804688 0.32959 0.11853 0.372314 0.196289 0.208984 0.841309 0.530762 0.734375 0.774902 0.703125 0.986816 0.618652 0.380615 0.655273 0.818848 0.0376892 0.577637 0.682129 0.837402 0.811523 0.104065 0.542969 0.0613708 0.459473 0.4646 0.117432 0.867188 0.219971 0.119995 0.76709 0.0246887 0.449463 0.885742 0.397217 0.645996 0.0947266 0.238525 0.176636 0.829102 0.0133896 0.879395 0.816406 0.631836 0.260254 0.47168 0.450928 0.297852 0.049408 0.132935 0.135132 0.86084 0.237061 0.678223 0.922363
0.696289 0.1427 0.0396729 0.563477 0.362793 0.159668 0.330811 0.387451 0.609375 0.216431 0.784668 0.255127 0.311035 0.0231018 0.431641 0.140381 0.036499 0.311279 0.956543 0.668457 0.571289 0.428223 0.119446 0.869141 0.477539 0.252441 0.00439453 0.338379 0.489502 0.682617 0.260742 0.185791 0.825195 0.300537 0.749512 0.188232 0.460205 0.0799561 0.575684 0.0693359 0.296387 0.360352 0.324463 0.607422 0.383301 0.755859 0.748047 0.419922 0.0672607 0.70459 0.0882568 0.638672 0.13269 0.207642 0.507812 0.610352 0.459961 0.512207 0.94873 0.949219 0.195068 0.209473 0.135254 0.0204315
0.509766 0.884277 0.208618 0.970215 0.964355 0.78418 0.0393066 0.260986 0.144531 0.36377 0.868652 0.527832 0.11969 0.616211 0.947754 0.187012 0.321045 0.0359192 0.825684 0.453613 0.243652 0.33374 0.0639648 0.703613 0.846191 0.0127182 0.65332 0.0410461 0.222168 0.788574 0.0614624 0.731934 0.672852 0.27002 0.702148 0.637207 0.0543213 0.741699 0.898438 0.198853 0.105164 0.766602 0.726562 0.224854 0.383057 0.674316 0.411865 0.704102 0.710449 0.237549 0.157715 0.954102 0.571289 0.22168 0.657715 0.417236 0.234375 0.310791 0.458252 0.456543 0.0990601 0.519531 0.188721 0.771973
0.789551 0.891113 0.40918 0.844238 0.632324 0.307617 0.0429382 0.737305 0.0742798 0.769531 0.962402 0.45752 0.443848 0.374268 0.161499 0.154175 0.611816 0.319336 0.108032 0.182983 0.541016 0.765625 0.600098 0.775391 0.0762939 0.0583801 0.232056 0.175293 0.578125 0.420898 0.947266 0.36792 0.311768 0.356445 0.211914 0.944336 0.664062 0.254883 0.681641 0.738281 0.0244751 0.644043 0.195679 0.468506 0.0183563 0.357178 0.622559 0.630371 0.676758 0.730469 0.812988 0.217529 0.496094 0.41333 0.993164 0.572266 0.47168 0.224976 0.747559 0.0497742 0.645996 0.694824 0.417725 0.95752
0.0514526 0.629395 0.901855 0.715332 0.884277 0.583496 0.453857 0.90918 0.227539 0.649414 0.377441 0.245972 0.00677109 1 0.875977 0.683105 0.730469 0.688965 0.900879 0.226685 0.102478 0.893555 0.799316 0.574219 0.118774 0.546875 0.624023 0.764648 0.241943 0.0415955 0.722168 0.293457 0.671387 0.624023 0.00887299 0.555664 0.207397 0.462646 0.4646 0.435059 0.112183 0.841797 0.680664 0.118958 0.841797 0.557129 0.802246 0.572266 0.246216 0.703125 0.799316 0.348633 0.59668 0.598145 0.922852 0.71582 0.145264 0.546875 0.480225 0.387207 0.588379 0.202393 0.680664 0.259521
0.826172 0.689453 0.81543 0.0338135 0.1521 0.280029 0.46875 0.26416 0.121887 0.149658 0.383301 0.963867 0.706543 0.185425 0.536133 0.952637 0.888672 0.335205 0.301514 0.485352 0.933594 0.224365 0.200928 0.0788574 0.770996 0.681152 0.466064 0.359619 0.883301 0.146484 0.619141 0.709961 0.835938 0.43457 0.743652 0.987793 0.714355 0.212524 0.252197 0.836426 0.362305 0.635254 0.800293 0.0688477 0.820801 0.336426 0.0216675 0.709473 0.671875 0.323242 0.194824 0.605469 0.547363 0.395752 0.684082 0.318604 0.0768433 0.150146 0.678223 0.960449 0.296631 0.297363 0.67041 0.132568
0.731934 0.414062 0.120605 0.446289 0.626465 0.372803 0.282715 0.98877 0.00834656 0.0828247 0.0576477 0.829102 0.419189 0.0792847 0.538574 0.0908203 0.402344 0.733398 0.696289 0.949707 0.12915 0.380127 0.268555 0.206055 0.530273 0.946777 0.166382 0.827148 0.244019 0.836914 0.959473 0.976074 0.250732 0.0801392 0.422119 0.877441 0.453125 0.705078 0.866211 0.461426 0.787598 0.923828 0.290527 0.206787 0.00303078 0.829102 0.297607 0.405518 0.562988 0.993652 0.355225 0.691895 0.374023 0.624023 0.897949 0.904297 0.570312 0.0643921 0.730957 0.814453 0.900879 0.69043 0.790527 0.151855
0.770996 0.212646 0.0291748 0.223877 0.91748 0.895508 0.685059 0.705078 0.818848 0.975586 0.912109 0.822266 0.805176 0.209595 0.227539 0.36792 0.203369 0.583008 0.0598755 0.577148 0.206665 0.958008 0.481445 0.777344 0.0222473 0.212524 0.591797 0.92334 0.90332 0.38208 0.0751953 0.673828 0.594727 0.10437 0.897949 0.512207 0.999512 0.583008 0.217163 0.818848 0.559082 0.12915 0.640625 0.364014 0.338623 0.868164 0.731934 0.541992 0.450928 0.791992 0.119263 0.657715 0.749512 0.600586 0.434814 0.771973 0.813477 0.0264587 0.695312 0.716309 0.408447 0.770508 0.390625 0.00306129
0.875 0.288574 0.515137 0.874512 0.871582 0.732422 0.693359 0.43042 0.861328 0.333984 0.794434 0.200195 0.202148 0.526367 0.742188 0.65332 0.318115 0.861328 0.310791 0.067627 0.462158 0.745605 0.839355 0.275635 0.771973 0.534668 0.992188 0.180664 0.305176 0.382812 0.183716 0.179932 0.671387 0.69873 0.0545044 0.54248 0.431152 0.747559 0.973145 0.292725 0.081604 0.767578 0.49292 0.283691 0.293701 0.235107 0.937012 0.611816 0.0966797 0.247681 0.679199 0.559082 0.993652 0.518555 0.834473 0.765625 0.0534668 0.82666 0.946289 0.358643 0.209351 0.130005 0.538574 0.880371
0.828613 0.593262 0.423096 0.26001 0.34082 0.39624 0.552734 0.422363 0.163574 0.0453796 0.706055 0.457275 0.280518 0.643066 0.0688477 0.377197 0.890625 0.748047 0.936035 0.884277 0.266846 0.770508 0.649902 0.320312 0.597168 0.596191 0.679199 0.806641 0.726074 0.217651 0.687012 0.554688 0.810547 0.110229 0.814453 0.151489 0.506348 0.367188 0.57373 0.669922 0.412598 0.280029 0.127075 0.692871 0.922852 0.195923 0.0702515 0.813477 0.943848 0.00640488 0.697754 0.210938 0.776855 0.347412 0.53125 0.374268 0.943359 0.210205 0.180908 0.669434 0.427734 0.868164 0.224121 0.238525
0.978027 0.0387268 0.390137 0.484619 0.406006 0.963867 0.154541 0.818359 0.243896 0.281494 0.511719 0.166748 0.477539 0.582031 0.980469 0.421387 0.588379 0.678223 0.632324 0.365234 0.0254364 0.163574 0.739746 0.96875 0.373779 0.92041 0.638184 0.801758 0.788574 0.862305 0.0401917 0.76709 0.900879 0.430176 0.251465 0.306885 0.394043 0.406006 0.125488 0.638184 0.6875 0.637207 0.804688 0.165039 0.218872 0.785156 0.586426 0.807129 0.463135 0.218872 0.172485 0.488525 0.382568 0.912109 0.457275 0.756348 0.833008 0.09552 0.558105 0.621582 0.958008 0.598145 0.388428 0.858887
0.0284119 0.639648 0.165894 0.422607 0.0457764 0.29126 0.0605164 0.733398 0.928223 0.865234 0.898438 0.147339 0.650391 0.484863 0.95459 0.113281 0.703613 0.126953 0.601562 0.0861816 0.0391541 0.059021 0.842285 0.87207 0.154541 0.400391 0.493408 0.112366 0.998535 0.881836 0.971191 0.0270691 0.521484 0.137085 0.449707 0.567383 0.428467 0.510254 0.300537 0.356934 0.375244 0.198975 0.504395 0.0255737 0.683594 0.45874 0.138794 0.387451 0.585449 0.740723 0.473633 0.625 0.799805 0.316162 0.496826 0.954102 0.716797 0.990234 0.0665283 0.715332 0.87207 0.0378113 0.742188 0.393311
0.174927 0.192017 0.960449 0.603516 0.702148 0.26123 0.960449 0.0774536 0.460205 0.464355 0.103088 0.144043 0.922852 0.241943 0.531738 0.508789 0.982422 0.00529861 0.133667 0.782227 0.321533 0.630371 0.736328 0.0381775 0.620605 0.802734 0.753418 0.492432 0.84082 0.49585 0.885742 0.0155029 0.687988 0.846191 0.618652 0.390137 0.107666 0.579102 0.467529 0.567871 0.0435486 0.570801 0.711914 0.966797 0.8125 0.24353 0.475342 0.794922 0.248779 0.608887 0.577148 0.570312 0.23938 0.313232 0.608398 0.859863 0.116089 0.362061 0.352539 0.956543 0.85791 0.238281 0.972168 0.545898
0.0846558 0.59082 0.936035 0.192383 0.170166 0.40332 0.760254 0.213745 0.974121 0.472168 0.18042 0.786621 0.71582 0.655762 0.581543 0.964355 0.264893 0.158691 0.535156 0.504395 0.471924 0.143433 0.364258 0.587891 0.505371 0.716797 0.544922 0.363281 0.955078 0.516602 0.90918 0.0395508 0.10791 0.845215 0.231934 0.278076 0.248535 0.992188 0.491699 0.222534 0.464355 0.672363 0.0091095 0.180054 0.327881 0.59082 0.144653 0.592773 0.749512 0.679688 0.0969849 0.221313 0.823242 0.461182 0.809082 0.328369 0.177856 0.354004 0.691895 0.132812 0.870605 0.601074 0.172363 0.978516
0.446045 0.404297 0.256836 0.694336 0.396484 0.748535 0.916992 0.86084 0.420654 0.92627 0.0408325 0.748535 0.516602 0.185547 0.341553 0.266113 0.865234 0.438477 0.487305 0.687988 0.899902 0.296631 0.0165405 0.0775757 0.650879 0.708496 0.210327 0.521484 0.309326 0.382812 0.5 0.755371 0.787109 0.756836 0.449707 0.18335 0.505371 0.366699 0.0441284 0.92627 0.292969 0.0849609 0.674805 0.80957 0.270508 0.01651 0.0758057 0.135498 0.455078 0.562988 0.82373 0.354736 0.859863 0.840332 0.432373 0.510254 0.54834 0.642578 0.0319214 0.85791 0.0253906 0.532227 0.612793 0.8125
0.289062 0.0626221 0.995605 0.794434 0.429443 0.039917 0.720703 0.722168 0.124878 0.395996 0.531738 0.395264 0.412354 0.60791 0.530762 0.867188 0.170776 0.354492 0.222046 0.0306702 0.194702 0.654297 0.541016 0.743164 0.296875 0.573242 0.601074 0.322266 0.105103 0.213745 0.134644 0.394043 0.276367 0.130493 0.188721 0.705566 0.17041 0.909668 0.427979 0.295166 0.30542 0.959961 0.69043 0.717773 0.567383 0.221313 0.584961 0.738281 0.575684 0.807129 0.769043 0.770508 0.461426 0.310059 0.513672 0.758301 0.883301 0.114441 0.0806885 0.988281 0.328125 0.215332 0.382568 0.604492
0.345947 0.571289 0.310303 0.516113 0.480713 0.738281 0.811523 0.786133 0.698242 0.501953 0.503906 0.265625 0.723145 0.0889893 0.00408936 0.299072 0.895996 0.772949 0.0696411 0.357666 0.083252 0.583496 0.115967 0.966309 0.697754 0.196655 0.95459 0.0259552 0.412109 0.337158 0.630371 0.757812 0.908203 0.940918 0.27417 0.388916 0.679199 0.0854492 0.175049 0.377441 0.587402 0.678711 0.643066 0.310791 0.768066 0.647461 0.609863 0.664062 0.42041 0.679688 0.0215607 0.503906 0.262939 0.137573 0.470215 0.960449 0.334229 0.425049 0.986328 0.746094 0.762207 0.617188 0.503906 0.67041
0.558105 0.77832 0.0596313 0.237427 0.86377 0.234619 0.614746 0.450928 0.913574 0.258057 0.761719 0.681152 0.905273 0.371582 0.345459 0.325928 0.051239 0.366943 0.82959 0.313965 0.504395 0.299805 0.274658 0.838867 0.725098 0.26123 0.584961 0.487061 0.878418 0.0889282 0.157715 0.436279 0.867188 0.217285 0.673828 0.730469 0.451904 0.288574 0.181763 0.365479 0.546875 0.943359 0.0469666 0.452148 0.315186 0.392334 0.77832 0.366455 0.759277 0.60791 0.680664 0.263672 0.907715 0.955078 0.102356 0.632324 0.216309 0.687012 0.119568 0.0945435 0.776367 0.277344 0.530762 0.643066
0.494629 0.204468 0.374023 0.946777 0.493164 0.555664 0.312256 0.0397949 0.499268 0.359131 0.491943 0.814453 0.751465 0.27002 0.180786 0.510742 0.87793 0.861328 0.774414 0.785645 0.816406 0.876953 0.417969 0.0328369 0.563965 0.537598 0.127319 0.340088 0.814941 0.658203 0.983398 0.309326 0.862793 0.357422 0.255859 0.355957 0.913086 0.568359 0.395752 0.412109 0.927246 0.887695 0.226562 0.678711 0.157715 0.407471 0.189575 0.0354919 0.268799 0.963867 0.820801 0.0852661 0.84082 0.23877 0.118042 0.404785 0.776367 0.245483 0.745117 0.59082 0.903809 0.728516 0.900391 0.766602
0.0855713 0.15625 0.122314 0.998535 0.724609 0.518066 0.410645 0.651855 0.405518 0.637207 0.330566 0.562988 0.0445862 0.52002 0.598633 0.313232 0.484131 0.419678 0.398682 0.324707 0.658203 0.516602 0.729492 0.43457 0.762207 0.474365 0.0255737 0.665527 0.202759 0.925781 0.432129 0.28833 0.0820923 0.554688 0.286865 0.806641 0.0724487 0.697754 0.458252 0.478027 0.334717 0.788574 0.0411987 0.379395 0.308838 0.640137 0.692871 0.792969 0.0595398 0.0913086 0.117798 0.717773 0.60791 0.847168 0.152588 0.370117 0.321777 0.178101 0.0357666 0.524414 0.104004 0.468018 0.812988 0.186035
0.0224762 0.0997925 0.992676 0.0949097 0.797363 0.450684 0.572754 0.132202 0.239624 0.614258 0.511719 0.54834 0.253906 0.204346 0.341309 0.313477 0.295654 0.459229 0.0314941 0.903809 0.306641 0.184082 0.273682 0.628418 0.362305 0.309326 0.152954 0.466064 0.777344 0.96582 0.652344 0.799805 0.0656128 0.644531 0.894531 0.862793 0.0955811 0.467773 0.995117 0.335205 0.0817871 0.506836 0.883789 0.335693 0.710938 0.224976 0.649414 0.00679398 0.684082 0.680664 0.910156 0.990723 0.864746 0.18396 0.619141 0.227051 0.493408 0.771973 0.693359 0.270752 0.737793 0.345459 0.0705566 0.803223
0.990234 0.965332 0.666504 0.0857544 0.432861 0.661621 0.420898 0.514648 0.168335 0.304443 0.850586 0.879395 0.529297 0.499756 0.88623 0.213623 0.180664 0.796875 0.204346 0.0455322 0.980469 0.823242 0.272461 0.474121 0.595215 0.96582 0.744629 0.333008 0.311279 0.81543 0.136353 0.301514 0.780762 0.802734 0.387207 0.213501 0.464355 0.808105 0.728516 0.632812 0.112671 0.578613 0.512207 0.64209 0.0786133 0.398438 0.855957 0.259277 0.19519 0.0600281 0.304688 0.175781 0.883301 0.577148 0.649902 0.478516 0.542969 0.394531 0.811523 0.854492 0.209839 0.947754 0.156006 0.990234
0.750488 0.543457 0.203979 0.214844 0.351318 0.932129 0.847656 0.464111 0.51123 0.359619 0.106201 0.589844 0.757812 0.961914 0.849121 0.953125 0.0219116 0.153809 0.129028 0.905273 0.730957 0.778809 0.383789 0.274414 0.17334 0.195312 0.128784 0.383057 0.143188 0.284912 0.373535 0.893555 0.828125 0.577637 0.108459 0.179443 0.509766 0.956055 0.643555 0.0208282 0.31543 0.749512 0.610352 0.0735474 0.711426 0.459473 0.0267639 0.733398 0.613281 0.155762 0.638672 0.344482 0.93457 0.022522 0.618652 0.107971 0.217773 0.747559 0.491211 0.36084 0.0324097 0.864746 0.254639 0.860352
0.442139 0.363037 0.0398865 0.952148 0.319092 0.683594 0.972656 0.634766 0.433105 0.583496 0.708008 0.144775 0.0428467 0.734863 0.878418 0.65625 0.890625 0.51709 0.000528336 0.825195 0.539551 0.619141 0.933105 0.757324 0.366943 0.424316 0.118286 0.399414 0.289062 0.372803 0.259766 0.731445 0.73584 0.299561 0.683594 0.0550842 0.98291 0.65625 0.689453 0.41626 0.239624 0.397705 0.561035 0.282471 0.13269 0.439209 0.938477 0.0233002 0.956055 0.938965 0.848633 0.495605 0.558594 0.781738 0.25293 0.925293 0.206177 0.371338 0.324707 0.495361 0.744141 0.584473 0.226685 0.480225
0.884277 0.910156 0.535156 0.867188 0.566406 0.224976 0.283447 0.806152 0.622559 0.844238 0.088623 0.755371 0.283447 0.0272522 0.778809 0.239746 0.966309 0.627441 0.735352 0.524902 0.408936 0.988281 0.450195 0.615234 0.359619 0.774902 0.110596 0.103943 0.359375 0.337402 0.583984 0.243652 0.247559 0.119568 0.11084 0.813965 0.344482 0.394287 0.620117 0.967285 0.238647 0.708496 0.722656 0.522461 0.73584 0.500977 0.762207 0.702148 0.128418 0.497314 0.227173 0.537598 0.48584 0.677246 0.15271 0.845703 0.452393 0.263428 0.949707 0.812012 0.600586 0.533691 0.055542 0.848145
0.65332 0.166382 0.662109 0.997559 0.560547 0.282227 0.964844 0.799316 0.990723 0.6875 0.321777 0.726562 0.188721 0.0836792 0.429199 0.317139 0.581055 0.65625 0.854492 0.0669556 0.33374 0.0071907 0.912598 0.786133 0.270508 0.861816 0.598145 0.871094 0.395752 0.653809 0.719238 0.0489807 0.820312 0.381592 0.0467224 0.380859 0.663574 0.0116882 0.180176 0.654297 0.699219 0.501953 0.381348 0.887695 0.585449 0.810547 0.204956 0.166748 0.466797 0.0593872 0.233643 0.800293 0.0665894 0.146118 0.586914 0.337158 0.00814056 0.184937 0.208252 0.403809 0.838867 0.927734 0.452881 0.658691
0.309082 0.499512 0.0395813 0.972656 0.51123 0.219849 0.627441 0.210449 0.72168 0.00856018 0.0982666 0.307373 0.818848 0.303223 0.474121 0.285645 0.362549 0.70752 0.0861206 0.429199 0.854004 0.672852 0.766113 0.861816 0.85791 0.974609 0.265869 0.696289 0.902344 0.71875 0.355225 0.211304 0.218262 0.394775 0.184082 0.729492 0.614746 0.811523 0.939941 0.336426 0.819824 0.0381775 0.643555 0.638672 0.341309 0.117737 0.924316 0.704102 0.825195 0.0106125 0.133057 0.679199 0.683594 0.899414 0.541016 0.541504 0.874023 0.807129 0.237671 0.775879 0.525879 0.592773 0.987305 0.743652
0.987793 0.171509 0.473389 0.602539 0.98291 0.41333 0.938965 0.802734 0.451416 0.58252 0.441895 0.792969 0.700195 0.366211 0.496826 0.525879 0.376953 0.629883 0.204834 0.0603638 0.529297 0.746094 0.601562 0.403076 0.553223 0.839355 0.179077 0.0787354 0.432373 0.166504 0.822754 0.419922 0.337891 0.295898 0.0223694 0.320801 0.709473 0.960938 0.123779 0.160767 0.543457 0.56543 0.953613 0.243774 0.931641 0.450439 0.769531 0.308838 0.0802612 0.974121 0.369141 0.609375 0.720215 0.970703 0.0125046 0.273438 0.810059 0.19165 0.352295 0.24231 0.358154 0.174805 0.662598 0.696289
0.470947 0.68457 0.0170135 0.180176 0.645996 0.140747 0.34082 0.189453 0.706543 0.294434 0.433105 0.638184 0.745117 0.202515 0.946777 0.825195 0.176758 0.316162 0.43457 0.896973 0.286865 0.447021 0.170654 0.0968628 0.638672 0.522949 0.339355 0.99707 0.697754 0.00162792 0.692871 0.168579 0.686523 0.709961 0.348633 0.332275 0.850586 0.689453 0.521484 0.557129 0.984375 0.95459 0.195312 0.729004 0.157349 0.142334 0.554199 0.334229 0.458252 0.98877 0.231323 0.745117 0.436035 0.401855 0.841797 0.0748291 0.924805 0.181274 0.0717163 0.622559 0.182861 0.764648 0.791016 0.869141
0.474609 0.139771 0.201538 0.325439 0.82959 0.723145 0.882812 0.813477 0.677734 0.0779419 0.542969 0.835449 0.220215 0.0971069 0.169434 0.678711 0.0860596 0.400635 0.423584 0.521973 0.802734 0.265625 0.597168 0.727539 0.446777 0.668457 0.349609 0.629883 0.43335 0.140747 0.499023 0.908203 0.280518 0.700684 0.233398 0.109802 0.423584 0.116028 0.92334 0.101562 0.19397 0.466309 0.937012 0.414062 0.563477 0.106262 0.0927124 0.649414 0.506836 0.516113 0.171631 0.30957 0.782227 0.768555 0.0368652 0.228882 0.437256 0.386475 0.858398 0.870605 0.527344 0.357666 0.778809 0.807617
0.0581055 0.0120544 0.91748 0.481689 0.128052 0.84082 0.583496 0.322021 0.307129 0.52002 0.736328 0.870605 0.626465 0.829102 0.52002 0.133423 0.345215 0.691406 0.442871 0.127197 0.460205 0.479736 0.356201 0.897461 0.866211 0.214722 0.768066 0.393555 0.572266 0.546387 0.201294 0.630371 0.558594 0.118835 0.112122 0.686523 0.959961 0.695312 0.0087738 0.266846 0.215576 0.745117 0.137451 0.842285 0.57373 0.657227 0.975586 0.918945 0.348877 0.418457 0.0463562 0.809082 0.897949 0.402344 0.706543 0.764648 0.617188 0.474365 0.158203 0.189453 0.0209961 0.359619 0.819824 0.57959
0.478271 0.932129 0.266357 0.438232 0.627441 0.275146 0.705078 0.843262 0.0200958 0.842773 0.685059 0.59375 0.5 0.660645 0.513184 0.849121 0.0789795 0.55957 0.658203 0.977051 0.961914 0.364502 0.741699 0.579102 0.838867 0.899902 0.768555 0.859863 0.259521 0.588379 0.439453 0.737793 0.520508 0.705566 0.175903 0.147949 0.980957 0.880859 0.991211 0.00103569 0.723633 0.67627 0.595215 0.223511 0.336914 0.108093 0.0724487 0.415771 0.66748 0.730469 0.392822 0.629395 0.0948486 0.134644 0.208618 0.933594 0.0344849 0.977051 0.793457 0.293945 0.56543 0.23291 0.0316772 0.0860596
0.938965 0.207642 0.234009 0.919434 0.088562 0.225098 0.920898 0.812012 0.901367 0.515625 0.0356445 0.238037 0.624023 0.108093 0.653809 0.291504 0.838379 0.0467834 0.920898 0.933105 0.181396 0.129517 0.867188 0.215942 0.106567 0.660645 0.509766 0.672363 0.893555 0.541504 0.758301 0.832031 0.749023 0.992188 0.751953 0.837402 0.217407 0.672363 0.649902 0.118652 0.188232 0.685547 0.356689 0.812012 0.793457 0.0105896 0.103455 0.631836 0.057373 0.024353 0.56543 0.23877 0.153809 0.432373 0.45459 0.260498 0.0927124 0.964355 0.932617 0.986328 0.505859 0.690918 0.818359 0.254883
0.683105 0.569824 0.0926514 0.900391 0.242554 0.742188 0.0191345 0.430908 0.427734 0.375977 0.24292 0.221313 0.386475 0.346436 0.853027 0.443848 0.370605 0.418457 0.682617 0.524414 0.850586 0.137329 0.785156 0.943359 0.101746 0.717285 0.929688 0.607422 0.408447 0.748047 0.862793 0.0914307 0.318115 0.955078 0.991699 0.560547 0.697754 0.0110703 0.991211 0.125488 0.386963 0.234253 0.34668 0.773438 0.580566 0.200073 0.217163 0.951172 0.618652 0.899902 0.47583 0.469482 0.0370789 0.260742 0.413086 0.138794 0.978027 0.342773 0.746582 0.386475 0.0906372 0.608887 0.478027 0.408691
0.564453 0.469971 0.969238 0.261963 0.480957 0.960449 0.387451 0.868164 0.194824 0.734375 0.641113 0.775391 0.934082 0.858398 0.726562 0.552734 0.758301 0.202515 0.0223083 0.79541 0.463135 0.435303 0.934082 0.441406 0.777832 0.680664 0.827637 0.868652 0.289795 0.305908 0.2771 0.854004 0.775879 0.24646 0.116272 0.256836 0.207031 0.503906 0.124695 0.401855 0.238037 0.766113 0.177246 0.172363 0.624512 0.903809 0.725098 0.382812 0.106384 0.747559 0.178223 0.569336 0.182861 0.112427 0.0109024 0.960938 0.792969 0.838867 0.82959 0.0829468 0.144653 0.106567 0.937012 0.92041
0.353027 0.0533447 0.177246 0.560059 0.557129 0.302002 0.961914 0.79541 0.0679321 0.139038 0.967773 0.692383 0.0430298 0.692871 0.0753174 0.149414 0.44043 0.253662 0.719238 0.623047 0.365967 0.72998 0.583984 0.15918 0.568848 0.41333 0.242065 0.713379 0.52002 0.179199 0.633789 0.873047 0.232544 0.811035 0.432861 0.789551 0.112854 0.394531 0.584961 0.180786 0.533691 0.552246 0.873047 0.57666 0.245239 0.94873 0.726074 0.685547 0.202148 0.445068 0.308838 0.568359 0.175049 0.893066 0.727539 0.743652 0.306396 0.969238 0.457031 0.826172 0.148682 0.0906982 0.699219 0.381104
0.901855 0.131958 0.170898 0.0144501 0.526367 0.755859 0.19519 0.0602722 0.308105 0.0684814 0.637207 0.553711 0.0170441 0.363037 0.239136 0.219238 0.808105 0.54834 0.787598 0.983398 0.441162 0.514648 0.727051 0.747559 0.484131 0.18396 0.57373 0.632812 0.274658 0.272705 0.0140762 0.17627 0.404785 0.184937 0.190796 0.931152 0.940918 0.385986 0.991699 0.248901 0.454346 0.628418 0.802246 0.471436 0.991699 0.0416565 0.69043 0.799805 0.589844 0.478027 0.783203 0.0308228 0.992676 0.510254 0.77832 0.477051 0.694336 0.351807 0.109924 0.96875 0.624512 0.124023 0.145142 0.0294189
0.309082 0.335938 0.960938 0.249756 0.72168 0.952148 0.498779 0.17627 0.581055 0.301025 0.647461 0.572754 0.342773 0.338379 0.372559 0.932617 0.816406 0.15564 0.963379 0.809082 0.666016 0.741699 0.286133 0.359863 0.0934448 0.39624 0.328857 0.718262 0.52002 0.473877 0.747559 0.829102 0.80957 0.708496 0.0788574 0.53125 0.660645 0.577637 0.70752 0.241455 0.878906 0.355225 0.813965 0.221436 0.693848 0.186401 0.153931 0.510254 0.342041 0.11731 0.319336 0.00787354 0.858887 0.605469 0.36792 0.952148 0.00166798 0.696777 0.67041 0.521973 0.17041 0.417969 0.351074 0.97998
0.126343 0.429932 0.511719 0.787109 0.00742722 0.219238 0.0283508 0.88623 0.574707 0.842285 0.107544 0.268311 0.0287781 0.261475 0.77832 0.37085 0.378906 0.0974731 0.378662 0.237793 0.703125 0.746582 0.190186 0.70459 0.443115 0.86084 0.22644 0.613281 0.278564 0.577637 0.593262 0.405029 0.00736618 0.105042 0.191895 0.0147934 0.324219 0.220215 0.900879 0.898926 0.062561 0.00847626 0.166992 0.0913696 0.27002 0.945312 0.462158 0.648926 0.0426941 0.84082 0.886719 0.745605 0.587402 0.0769043 0.450195 0.0304871 0.9375 0.676758 0.644043 0.216187 0.25415 0.237427 0.621094 0.261475
0.342529 0.812988 0.276367 0.666504 0.0333252 0.177246 0.56543 0.0958862 0.185791 0.732422 0.187256 0.455811 0.677734 0.649414 0.104736 0.720215 0.490479 0.991211 0.466064 0.0778198 0.0682983 0.916016 0.108276 0.00582886 0.592773 0.752441 0.222046 0.847168 0.989746 0.843262 0.108826 0.332031 0.65625 0.385254 0.999023 0.689453 0.5625 0.564453 0.785645 0.748047 0.296875 0.972656 0.203979 0.974609 0.62207 0.308594 0.694824 0.11261 0.300049 0.160767 0.19043 0.368408 0.0770874 0.298828 0.374268 0.669922 0.0509338 0.596191 0.51709 0.0406189 0.439453 0.625977 0.372803 0.0958252
0.0112457 0.371582 0.785645 0.57373 0.936035 0.570801 0.322021 0.232666 0.543945 0.525879 0.207153 0.166016 0.834473 0.901855 0.278564 0.134766 0.0628052 0.468994 0.503418 0.139893 0.767578 0.877441 0.810059 0.818848 0.473633 0.327148 0.859375 0.913086 0.953125 0.232056 0.00905609 0.964355 0.603516 0.794434 0.538086 0.539551 0.365479 0.860352 0.772461 0.90918 0.385986 0.979492 0.0751953 0.220703 0.881348 0.35376 0.355469 0.944336 0.822754 0.858398 0.0839844 0.590332 0.73584 0.894043 0.40918 0.209717 0.221069 0.268555 0.122986 0.174316 0.500488 0.13208 0.138916 0.104126
0.926758 0.677246 0.643555 0.291992 0.537109 0.416016 0.201172 0.92334 0.395264 0.276367 0.143921 0.276611 0.629883 0.499268 0.220703 0.452881 0.35791 0.304688 0.0433655 0.0939941 0.198608 0.452637 0.303711 0.419678 0.721191 0.426758 0.594238 0.221558 0.558594 0.73291 0.325684 0.485352 0.409912 0.969238 0.777344 0.947266 0.385254 0.978516 0.870605 0.780273 0.254883 0.014389 0.0571289 0.885254 0.513672 0.277832 0.337891 0.871582 0.58252 0.381348 0.96582 0.78125 0.833984 0.269531 0.200928 0.554688 0.696289 0.794922 0.776367 0.255127 0.527832 0.10199 0.740234 0.937988
0.0712891 0.517578 0.885254 0.456543 0.496338 0.755371 0.237061 0.751465 0.77002 0.294189 0.63623 0.283691 0.572266 0.974121 0.155396 0.154663 0.355469 0.121033 0.936035 0.189209 0.390381 0.136963 0.744141 0.0866089 0.932129 0.520508 0.341553 0.459961 0.622559 0.0820312 0.397705 0.693848 0.599609 0.282959 0.150269 0.0961304 0.0384827 0.387451 0.847168 0.808594 0.681641 0.483643 0.0921021 0.253662 0.457764 0.247437 0.408203 0.812988 0.368408 0.344238 0.00243568 0.758789 0.481201 0.746582 0.845703 0.413086 0.26709 0.187256 0.873047 0.889648 0.269287 0.270996 0.583008 0.869141
0.553711 0.733398 0.965332 0.592285 0.12085 0.8125 0.400635 0.802246 0.296143 0.49292 0.0559692 0.753906 0.740234 0.464355 0.566895 0.108887 0.808594 0.569336 0.867676 0.289795 0.315918 0.713379 0.703125 0.583008 0.900879 0.576172 0.472412 0.170044 0.847168 0.0556946 0.0390625 0.400879 0.789062 0.0042572 0.993164 0.910156 0.816895 0.393799 0.712402 0.112915 0.886719 0.768555 0.866699 0.626953 0.232666 0.433838 0.73584 0.0412598 0.00336647 0.603516 0.331055 0.319336 0.317139 0.0339661 0.902344 0.217896 0.609863 0.375 0.387939 0.457031 0.430664 0.427002 0.85791 0.219849
0.431152 0.851074 0.129883 0.248047 0.244629 0.842285 0.36084 0.131348 0.61084 0.227783 0.758301 0.84375 0.661621 0.494141 0.884766 0.665039 0.0979004 0.21582 0.984375 0.415039 0.249756 0.886719 0.632812 0.859863 0.261719 0.0207977 0.31665 0.692383 0.447754 0.174561 0.912109 0.878906 0.0253601 0.0420837 0.126953 0.27002 0.884277 0.487793 0.401367 0.495361 0.71582 0.159668 0.338867 0.377197 0.653809 0.223633 0.0421448 0.751465 0.439453 0.0265198 0.166748 0.688965 0.913086 0.799805 0.548828 0.175049 0.820312 0.865723 0.867188 0.268311 0.0402222 0.779297 0.147095 0.0655518
0.821777 0.27417 0.335693 0.706055 0.761719 0.736816 0.201416 0.477539 0.896484 0.540039 0.854492 0.550293 0.763672 0.896973 0.302246 0.203247 0.92334 0.468994 0.892578 0.836426 0.268555 0.441406 0.011673 0.0889893 0.306885 0.878906 0.357178 0.347168 0.658691 0.504395 0.412842 0.480225 0.77832 0.748535 0.186279 0.540039 0.485352 0.387695 0.017746 0.381836 0.927734 0.872559 0.932129 0.691895 0.769043 0.234497 0.89502 0.692383 0.703125 0.787109 0.529297 0.97168 0.228516 0.541016 0.0608521 0.535645 0.419922 0.417969 0.882812 0.0784302 0.922363 0.29541 0.558594 0.700684
0.0439148 0.744629 0.240967 0.529297 0.132446 0.258789 0.911133 0.0603333 0.131104 0.843262 0.751953 0.900391 0.0779419 0.646973 0.592773 0.78125 0.434082 0.12207 0.75293 0.662598 0.663086 0.813965 0.198242 0.0828857 0.231934 0.0809937 0.161377 0.154297 0.376465 0.719727 0.85498 0.42041 0.464844 0.0959473 0.949707 0.597168 0.354736 0.86084 0.657715 0.48584 0.704102 0.409668 0.38623 0.782227 0.0565491 0.979004 0.563477 0.490723 0.101135 0.316406 0.153442 0.76416 0.130371 0.351562 0.847168 0.362305 0.432617 0.00829315 0.516602 0.809082 0.728027 0.371826 0.229492 0.192993
0.467773 0.179199 0.790527 0.822266 0.039917 0.447998 0.308105 0.744141 0.857422 0.694336 0.526367 0.914062 0.67334 0.0895996 0.404785 0.774414 0.406006 0.558105 0.538574 0.536621 0.910156 0.385498 0.898926 0.342529 0.393799 0.415527 0.151733 0.121887 0.787109 0.381348 0.314941 0.254883 0.560547 0.105225 0.0772705 0.600586 0.553223 0.385498 0.344482 0.410645 0.0795898 0.870605 0.324707 0.75293 0.960449 0.729492 0.527344 0.366455 0.287842 0.0656128 0.902832 0.197876 0.450928 0.801758 0.540527 0.844727 0.217285 0.692383 0.966797 0.00456619 0.0736084 0.281494 0.259521 0.634277
0.386719 0.33667 0.234497 0.939941 0.722168 0.579102 0.350586 0.801758 0.449707 0.675293 0.554688 0.410156 0.405029 0.0817871 0.776367 0.692871 0.147461 0.679688 0.891113 0.598633 0.481201 0.431396 0.443115 0.69873 0.123779 0.409668 0.703125 0.197388 0.691406 0.962402 0.831543 0.0780029 0.299316 0.065918 0.0178986 0.0214844 0.64502 0.368408 0.823242 0.0946045 0.0439453 0.37793 0.504883 0.448975 0.459717 0.28125 0.14209 0.606934 0.960938 0.0330505 0.205566 0.441895 0.4646 0.648438 0.140381 0.588379 0.0583801 0.843262 0.785645 0.749512 0.806152 0.617188 0.827637 0.105408
0.683105 0.845703 0.126831 0.327881 0.213989 0.950195 0.422607 0.258057 0.328125 0.927246 0.707031 0.787598 0.208618 0.849121 0.394775 0.169312 0.882324 0.600586 0.611328 0.34668 0.249023 0.751465 0.935059 0.307373 0.595215 0.720703 0.0570068 0.401123 0.337891 0.884766 0.506348 0.0208435 0.72998 0.633301 0.348877 0.944336 0.583496 0.771484 0.202148 0.911621 0.69873 0.90918 0.699219 0.907227 0.758301 0.0941162 0.0765381 0.640625 0.694336 0.687988 0.986816 0.943359 0.439453 0.921875 0.250977 0.0345154 0.642578 0.307861 0.435791 0.980469 0.192505 0.942383 0.00126934 0.922852
0.575684 0.350098 0.866699 0.159424 0.12146 0.0689697 0.0709839 0.820312 0.978027 0.770508 0.727539 0.736328 0.864258 0.803711 0.376709 0.559082 0.491699 0.36377 0.502441 0.931152 0.285889 0.753418 0.965332 0.928711 0.0613403 0.401367 0.90918 0.253906 0.343506 0.910156 0.176636 0.919434 0.260254 0.0434265 0.0786743 0.381592 0.112427 0.149658 0.201782 0.0905762 0.919922 0.929199 0.827148 0.784668 0.73291 0.203857 0.343506 0.224731 0.567871 0.846191 0.155884 0.853516 0.599121 0.121399 0.782227 0.660645 0.522461 0.690918 0.914551 0.866211 0.601074 0.0911865 0.785645 0.861328
0.134644 0.864258 0.243164 0.24707 0.0139771 0.445068 0.337646 0.934082 0.374268 0.164673 0.718262 0.1073 0.368408 0.0619507 0.332031 0.936035 0.907715 0.487793 0.789551 0.507324 0.609375 0.571777 0.167969 0.131958 0.262695 0.0825806 0.998047 0.86377 0.173706 0.783691 0.725098 0.30835 0.647949 0.968262 0.555176 0.662109 0.413574 0.893066 0.596191 0.787598 0.0575867 0.314453 0.89502 0.426025 0.376465 0.226929 0.362061 0.284424 0.714844 0.151611 0.791504 0.324219 0.723145 0.959473 0.456055 0.98584 0.0422363 0.454346 0.849609 0.215942 0.238159 0.574707 0.524414 0.88623
0.543457 0.0796509 0.54834 0.957031 0.972656 0.144287 0.744629 0.0302277 0.45874 0.639648 0.456299 0.835449 0.866211 0.818359 0.119751 0.581055 0.970215 0.911621 0.905273 0.693359 0.871094 0.361572 0.679199 0.913574 0.815918 0.528809 0.129272 0.0540161 0.103699 0.653809 0.94043 0.646973 0.733398 0.488525 0.604004 0.706055 0.632812 0.348389 0.73584 0.0916138 0.987793 0.192261 0.926758 0.854004 0.0106277 0.0467224 0.435547 0.980469 0.958008 0.34082 0.673828 0.829102 0.702148 0.353027 0.742676 0.518066 0.881836 0.87207 0.572266 0.985352 0.525391 0.512695 0.632324 0.258789
0.000938416 0.23645 0.964844 0.633789 0.584961 0.700684 0.725098 0.572754 0.893066 0.652344 0.427002 0.903809 0.699219 0.862305 0.884277 0.657227 0.203125 0.558105 0.486572 0.905762 0.911133 0.229126 0.423828 0.792969 0.101074 0.996094 0.77832 0.626465 0.508301 0.410645 0.885254 0.509277 0.646973 0.850098 0.143066 0.231934 0.550781 0.868652 0.804688 0.443604 0.520508 0.231567 0.347168 0.219727 0.0938721 0.231567 0.876953 0.297119 0.789551 0.363281 0.202637 0.700684 0.592285 0.626465 0.493408 0.693359 0.622559 0.271484 0.320312 0.130859 0.682129 0.205566 0.640137 0.329346
0.055542 0.783203 0.561523 0.606445 0.651855 0.365967 0.0498657 0.172485 0.597656 0.397217 0.392334 0.691406 0.628906 0.269043 0.988281 0.418213 0.632324 0.19104 0.118896 0.225098 0.817383 0.612305 0.918457 0.439941 0.883789 0.238892 0.570801 0.565918 0.444336 0.210938 0.895508 0.5 0.994141 0.456543 0.106201 0.645996 0.822754 0.156006 0.818848 0.420166 0.553223 0.210938 0.111572 0.181885 0.480225 0.100037 0.600098 0.112671 0.29126 0.719238 0.337646 0.108582 0.331299 0.256348 0.54834 0.215088 0.495117 0.119141 0.78125 0.939453 0.330078 0.67627 0.439453 0.324463
0.133057 0.545898 0.970703 0.955566 0.70166 0.789062 0.375732 0.254883 0.000212312 0.487305 0.436768 0.480225 0.587402 0.0369568 0.592773 0.878418 0.755859 0.930664 0.987305 0.0872192 0.187012 0.535645 0.302246 0.682129 0.654785 0.083313 0.621582 0.984863 0.759766 0.0612793 0.309326 0.892578 0.606934 0.279785 0.848145 0.308838 0.0691528 0.224121 0.563965 0.0693359 0.711426 0.00063467 0.549805 0.299072 0.0375977 0.1427 0.177612 0.793457 0.0733032 0.164795 0.880859 0.260254 0.700684 0.183105 0.942383 0.355225 0.266357 0.563965 0.340332 0.026001 0.625488 0.649414 0.918945 0.232422
0.929199 0.76709 0.541504 0.998535 0.991211 0.105103 0.0679321 0.702637 0.105713 0.617676 0.0018425 0.143311 0.760254 0.179443 0.937012 0.833496 0.344238 0.817871 0.093811 0.0448608 0.00072813 0.0362549 0.400146 0.26709 0.600586 0.740234 0.292969 0.22583 0.389893 0.211792 0.458252 0.319336 0.979004 0.999512 0.317871 0.970215 0.104675 0.385986 0.672852 0.210327 0.00350761 0.674805 0.35376 0.763672 0.854004 0.290527 0.597168 0.198486 0.108215 0.691406 0.243408 0.108948 0.727539 0.643555 0.375977 0.327881 0.384033 0.668945 0.553711 0.773926 0.880859 0.0119476 0.0932617 0.859863
0.011528 0.411133 0.82959 0.116211 0.796875 0.502441 0.32666 0.800781 0.177368 0.680176 0.564453 0.0315857 0.970703 0.161743 0.230103 0.0789795 0.853027 0.473633 0.187988 0.580566 0.117126 0.563965 0.908203 0.500977 0.233032 0.461914 0.274902 0.113953 0.473633 0.368164 0.973633 0.485352 0.779297 0.803711 0.601562 0.57666 0.306152 0.928223 0.377197 0.483398 0.608398 0.941406 0.515137 0.579102 0.103271 0.745117 0.658203 0.956055 0.21875 0.845703 0.536621 0.335938 0.409912 0.44458 0.836914 0.643066 0.90625 0.111938 0.756836 0.380127 0.480225 0.730469 0.865723 0.259766
0.53418 0.467041 0.836426 0.840332 0.39502 0.213501 0.32373 0.00320625 0.155029 0.838867 0.582031 0.258301 0.583984 0.240112 0.214478 0.802734 0.0860596 0.750977 0.138672 0.49585 0.195679 0.975586 0.138794 0.102173 0.0875244 0.895996 0.482422 0.567871 0.626465 0.3479 0.827637 0.1604 0.814941 0.663574 0.000551224 0.209839 0.877441 0.324219 0.213135 0.0322571 0.163086 0.79541 0.290527 0.74707 0.0354309 0.504883 0.549805 0.12146 0.256104 0.688477 0.617188 0.451904 0.664062 0.756348 0.554199 0.751465 0.651855 0.036377 0.319336 0.27832 0.384277 0.146729 0.438721 0.199219
