64
64
0.810547 0.526367 0.756836 0.72168 0.159912 0.621094 0.0322876 0.916016 0.252441 0.204102 0.496094 0.305176 0.260254 0.672363 0.990723 0.564453 0.396973 0.856445 0.0901489 0.275635 0.157593 0.977539 0.283447 0.105774 0.56543 0.27832 0.286621 0.654785 0.797852 0.933105 0.764648 0.615234 0.400879 0.717773 0.944336 0.67334 0.806641 0.0136032 0.421143 0.815918 0.725098 0.380127 0.146973 0.856445 0.191284 0.0805664 0.210938 0.0411987 0.584961 0.446777 0.187256 0.538086 0.49585 0.508301 0.088623 0.890625 0.457764 0.31958 0.858398 0.697754 0.313721 0.64502 0.497559 0.206299
0.439209 0.49292 0.0727539 0.935547 0.108704 0.960449 0.609863 0.635742 0.0472412 0.133301 0.591309 0.282227 0.615723 0.0991211 0.497559 0.937988 0.977539 0.220459 0.540527 0.507812 0.178589 0.671875 0.733887 0.64502 0.279541 0.376953 0.457275 0.131226 0.887207 0.577637 0.215698 0.381348 0.028717 0.486572 0.0545654 0.481201 0.928223 0.183105 0.564941 0.0576172 0.80127 0.833984 0.429932 0.541016 0.630859 0.686035 0.870605 0.413574 0.0549927 0.29834 0.238037 0.0472412 0.133301 0.211548 0.961426 0.319092 0.366455 0.713867 0.180298 0.737305 0.501465 0.31958 0.84375 0.50293
0.40918 0.0841064 0.0410767 0.367432 0.249023 0.877441 0.0828247 0.0526428 0.295898 0.859375 0.47998 0.12085 0.932617 0.761719 0.496582 0.651855 0.351318 0.193481 0.128418 0.519043 0.135742 0.463623 0.818848 0.440186 0.725098 0.910156 0.600098 0.144775 0.445557 0.599609 0.297852 0.214478 0.736328 0.4375 0.179321 0.0969849 0.0930786 0.243652 0.172852 0.351562 0.196411 0.570801 0.521484 0.500977 0.0341797 0.117126 0.0639038 0.937988 0.63916 0.461182 0.0300293 0.433594 0.613281 0.086792 0.73584 0.776367 0.147827 0.502441 0.21521 0.583984 0.735352 0.610352 0.602051 0.859863
0.6875 0.955078 0.900391 0.640137 0.849609 0.806641 0.337891 0.92627 0.409424 0.331055 0.845215 0.178589 0.647949 0.389893 0.813477 0.81543 0.652344 0.977051 0.739258 0.67627 0.338623 0.47583 0.810547 0.320068 0.553223 0.691895 0.574219 0.110718 0.511719 0.978027 0.0370789 0.135864 0.390869 0.262939 0.689941 0.272217 0.0143204 0.979492 0.689453 0.753906 0.0653076 0.187988 0.841309 0.691406 0.662109 0.212158 0.839355 0.771973 0.600098 0.858887 0.0897217 0.0307617 0.53418 0.690918 0.149414 0.867188 0.275391 0.612793 0.909668 0.111938 0.726562 0.900879 0.546387 0.83252
0.763672 0.503906 0.736816 0.032959 0.452881 0.420898 0.531738 0.204468 0.699707 0.329834 0.640137 0.855469 0.143921 0.896484 0.0236053 0.394043 0.516113 0.312012 0.522949 0.714844 0.0645142 0.760254 0.346191 0.0361633 0.510742 0.516113 0.930176 0.583008 0.687012 0.229126 0.720215 0.649414 0.571289 0.362061 0.60498 0.912598 0.723633 0.234253 0.926758 0.172607 0.508789 0.425537 0.766113 0.0634155 0.543457 0.658691 0.889648 0.158691 0.239868 0.574707 0.567871 0.569336 0.669434 0.195312 0.638672 0.738281 0.558105 0.885742 0.927246 0.192627 0.51123 0.917969 0.967285 0.402832
0.62207 0.530273 0.404297 0.623535 0.026535 0.741211 0.729492 0.263672 0.814941 0.0647583 0.052063 0.838867 0.913574 0.403564 0.472412 0.864746 0.173828 0.765137 0.818848 0.741211 0.92334 0.488525 0.376465 0.855469 0.600586 0.839844 0.995117 0.541016 0.425049 0.611328 0.315918 0.409668 0.246582 0.806152 0.634277 0.154175 0.231079 0.533203 0.713379 0.180298 0.728516 0.302002 0.959961 0.789551 0.350586 0.335449 0.26416 0.237183 0.76416 0.525879 0.672852 0.176025 0.262939 0.617188 0.690918 0.507324 0.564453 0.205078 0.376953 0.145386 0.674805 0.742188 0.160034 0.874023
0.719727 0.80127 0.693848 0.389404 0.657227 0.498291 0.40918 0.348877 0.744141 0.0352783 0.990234 0.834961 0.230591 0.270264 0.887695 0.712891 0.503906 0.251709 0.913574 0.285645 0.531738 0.880371 0.992188 0.321533 0.163452 0.768066 0.360107 0.1698 0.628906 0.98877 0.481934 0.00926208 0.89209 0.807129 0.148682 0.581543 0.699219 0.697266 0.768555 0.838867 0.0661011 0.997559 0.137695 0.17041 0.198364 0.385742 0.230957 0.913086 0.0721436 0.844727 0.540527 0.969727 0.917969 0.539062 0.149048 0.0439148 0.0176849 0.744141 0.810059 0.537109 0.0810547 0.438477 0.110229 0.666992
0.92627 0.525879 0.500977 0.610352 0.56543 0.973633 0.0526733 0.249512 0.920898 0.35083 0.234009 0.074707 0.278809 0.615723 0.049469 0.556152 0.768555 0.0650024 0.356201 0.513184 0.321533 0.749023 0.165039 0.747559 0.59082 0.0522766 0.766113 0.835938 0.0516968 0.442383 0.405273 0.341064 0.823242 0.410889 0.993652 0.21167 0.0253754 0.0282135 0.121277 0.459229 0.337158 0.922852 0.648926 0.811035 0.736328 0.396484 0.588379 0.217773 0.729492 0.413574 0.163574 0.00232887 0.61084 0.964355 0.0416565 0.990723 0.424316 0.97998 0.850586 0.298828 0.953125 0.941406 0.963379 0.338379
0.41748 0.649902 0.831055 0.117859 0.506348 0.766113 0.412598 0.177979 0.577148 0.796387 0.782715 0.19458 0.162842 0.251709 0.646484 0.596191 0.154175 0.525391 0.208618 0.0119858 0.906738 0.655273 0.787109 0.62207 0.662598 0.498535 0.603027 0.40332 0.965332 0.172607 0.352783 0.510742 0.999023 0.713379 0.710449 0.477295 0.751465 0.811035 0.146973 0.660645 0.00185299 0.602539 0.643555 0.0654907 0.0420532 0.762695 0.409912 0.456543 0.57373 0.54834 0.446289 0.345703 0.665039 0.938965 0.200073 0.924805 0.838379 0.848633 0.0111237 0.941895 0.281494 0.514648 0.20813 0.779297
0.0105133 0.100281 0.480225 0.768555 0.0925293 0.598633 0.476562 0.568848 0.824219 0.544922 0.645996 0.606934 0.921387 0.499756 0.706055 0.712891 0.661133 0.851074 0.591309 0.371094 0.900391 0.206909 0.320068 0.849121 0.397217 0.363037 0.80127 0.56543 0.561523 0.18042 0.424072 0.709473 0.173462 0.838379 0.867676 0.506348 0.742676 0.833008 0.171753 0.120911 0.905762 0.546387 0.224854 0.280518 0.765625 0.679688 0.313965 0.304688 0.5625 0.266113 0.910645 0.405029 0.785156 0.725586 0.833496 0.674316 0.921875 0.17627 0.650879 0.431885 0.425293 0.873047 0.0358582 0.592285
0.67334 0.0633545 0.23877 0.702148 0.160522 0.0365601 0.703125 0.242798 0.525879 0.158569 0.637207 0.267578 0.205811 0.197876 0.518555 0.157715 0.188599 0.699219 0.0482178 0.195679 0.141968 0.853027 0.351074 0.187134 0.729492 0.213501 0.46582 0.560547 0.549805 0.0187683 0.905762 0.242554 0.539062 0.620605 0.265869 0.382568 0.988281 0.893555 0.651855 0.741211 0.569336 0.245117 0.986816 0.375244 0.209351 0.945801 0.92041 0.68457 0.958008 0.130371 0.427246 0.752441 0.791504 0.553711 0.686035 0.856934 0.940918 0.472412 0.235229 0.66748 0.640625 0.490234 0.891602 0.122375
0.452881 0.993164 0.629883 0.62793 0.408447 0.995605 0.796875 0.745117 0.805664 0.510254 0.115845 0.108459 0.349121 0.744141 0.102539 0.305664 0.324951 0.50293 0.476074 0.175415 0.921875 0.145752 0.526367 0.623535 0.518555 0.654785 0.336426 0.815918 0.181274 0.497314 0.827148 0.780762 0.486816 0.26001 0.615723 0.358887 0.417725 0.324219 0.196899 0.838867 0.739258 0.790527 0.631348 0.0310059 0.120483 0.691406 0.250732 0.0181732 0.435791 0.919434 0.496094 0.483643 0.339111 0.68457 0.453857 0.161743 0.301025 0.94043 0.469727 0.989746 0.896973 0.361816 0.0907593 0.958496
0.515625 0.973633 0.514648 0.482178 0.510254 0.129639 0.948242 0.384033 0.786621 0.80957 0.973633 0.79248 0.862793 0.443359 0.439453 0.168213 0.881348 0.858398 0.884277 0.563477 0.115051 0.366943 0.728027 0.0582581 0.625 0.86377 0.471924 0.133301 0.363281 0.815918 0.209595 0.463379 0.161011 0.883789 0.87207 0.661133 0.071228 0.335938 0.995117 0.404053 0.825195 0.455078 0.816895 0.280029 0.811035 0.632812 0.407715 0.739258 0.87793 0.667969 0.317139 0.239502 0.820801 0.241699 0.61377 0.650391 0.398682 0.461182 0.262939 0.24585 0.524902 0.932129 0.848145 0.520508
0.223389 0.372559 0.0154877 0.422363 0.205078 0.701172 0.652832 0.466064 0.98291 0.602539 0.558105 0.9375 0.644531 0.282227 0.978027 0.190552 0.216919 0.87793 0.893066 0.0321655 0.323975 0.329102 0.234985 0.793457 0.497314 0.125 0.550293 0.675781 0.763184 0.437256 0.168701 0.735352 0.63916 0.82959 0.558594 0.145508 0.235352 0.616211 0.697754 0.464111 0.887695 0.303955 0.689941 0.386963 0.500977 0.694824 0.342041 0.0522766 0.348389 0.276367 0.968262 0.271973 0.423828 0.744629 0.819824 0.189209 0.448486 0.824219 0.251465 0.00843048 0.074585 0.834473 0.27417 0.491943
0.574219 0.248047 0.334229 0.981934 0.43042 0.404541 0.595703 0.882324 0.754883 0.672363 0.413574 0.250488 0.713867 0.915039 0.455322 0.0628052 0.407471 0.615234 0.10675 0.846191 0.833496 0.0803833 0.681152 0.994141 0.905762 0.22998 0.172485 0.868652 0.443359 0.843262 0.0535583 0.706055 0.0144958 0.2854 0.229858 0.284668 0.367188 0.419922 0.00106335 0.0793457 0.359619 0.504883 0.88916 0.478027 0.658691 0.0108261 0.0426941 0.825195 0.97998 0.0360107 0.399414 0.167969 0.328857 0.0956421 0.345459 0.572754 0.852539 0.771484 0.919434 0.755371 0.624512 0.886719 0.00268555 0.238403
0.771484 0.0388489 0.62793 0.449463 0.602051 0.299316 0.22998 0.851074 0.63623 0.517578 0.476807 0.511719 0.502441 0.989746 0.431396 0.60791 0.543945 0.15271 0.154053 0.361572 0.372314 0.697754 0.16687 0.628906 0.750488 0.384521 0.390381 0.715332 0.841797 0.762207 0.591309 0.384521 0.999023 0.0204773 0.591797 0.28418 0.857422 0.515625 0.441406 0.0859985 0.736328 0.365234 0.44751 0.818848 0.200195 0.0898438 0.900879 0.161865 0.429199 0.277588 0.769531 0.45166 0.601074 0.48877 0.466553 0.991211 0.859375 0.631348 0.97168 0.746094 0.795898 0.45459 0.585449 0.754395
0.911621 0.905273 0.844238 0.119873 0.179199 0.414062 0.570312 0.721191 0.447754 0.964355 0.228149 0.178345 0.678711 0.896484 0.0476685 0.911621 0.135132 0.363037 0.507324 0.896484 0.444092 0.415283 0.368896 0.53125 0.419189 0.102783 0.640625 0.0461121 0.0215454 0.752441 0.655762 0.0401001 0.47876 0.708496 0.044342 0.283203 0.58252 0.754395 0.0620117 0.882812 0.526367 0.270264 0.481689 0.459961 0.390625 0.951172 0.245728 0.682617 0.746094 0.853516 0.546387 0.315918 0.665039 0.638184 0.174072 0.0888062 0.739258 0.991211 0.717773 0.112244 0.678223 0.0292511 0.100525 0.213745
0.191772 0.0786743 0.253662 0.674316 0.638672 0.810059 0.651855 0.887207 0.444092 0.175293 0.53418 0.698242 0.602539 0.258301 0.984375 0.442627 0.287354 0.977051 0.605957 0.0425415 0.170532 0.0304565 0.361816 0.897461 0.0197144 0.247437 0.0139694 0.677246 0.311279 0.596191 0.167236 0.850586 0.0912476 0.71582 0.468262 0.457764 0.677246 0.623047 0.39917 0.992188 0.00177193 0.0383301 0.539551 0.34375 0.503906 0.399414 0.988281 0.23584 0.20813 0.0460205 0.377686 0.745117 0.731445 0.072876 0.364258 0.983887 0.885254 0.0967407 0.686523 0.170776 0.463867 0.924805 0.306152 0.348389
0.223511 0.0519714 0.977539 0.929688 0.0479736 0.967285 0.0317688 0.00849152 0.91748 0.749023 0.571289 0.595215 0.529785 0.61084 0.688477 0.889648 0.306885 0.769531 0.0277863 0.937988 0.609863 0.250244 0.130981 0.154175 0.0661621 0.00583649 0.255371 0.0451355 0.896973 0.224243 0.8125 0.739258 0.669922 0.192993 0.374756 0.100159 0.415283 0.317871 0.695801 0.320557 0.907227 0.0887451 0.0614014 0.598145 0.506836 0.481934 0.262451 0.00709152 0.431152 0.0364075 0.524414 0.608887 0.702637 0.220947 0.566895 0.783203 0.814453 0.450195 0.763184 0.169434 0.850098 0.443604 0.352295 0.456299
0.575684 0.215332 0.337891 0.186279 0.996094 0.257812 0.867188 0.740234 0.341064 0.822754 0.30542 0.523926 0.171753 0.176636 0.622559 0.797363 0.249023 0.868652 0.525879 0.425049 0.0154266 0.525879 0.533203 0.726562 0.442139 0.00543976 0.755371 0.605469 0.406738 0.887207 0.218872 0.548828 0.404541 0.624512 0.24707 0.360596 0.107666 0.59375 0.672363 0.0219269 0.818848 0.392578 0.418457 0.306641 0.0693359 0.153809 0.603027 0.683594 0.893066 0.0750122 0.893066 0.412354 0.566406 0.127075 0.000199795 0.480957 0.494141 0.317627 0.649902 0.111938 0.512695 0.391602 0.830078 0.619141
0.947754 0.236694 0.512695 0.354248 0.498535 0.52002 0.689941 0.431885 0.522461 0.591309 0.364258 0.388184 0.0748901 0.265137 0.841797 0.100281 0.32251 0.603516 0.777832 0.980469 0.22168 0.525391 0.954102 0.19043 0.100586 0.946777 0.748047 0.576172 0.515625 0.839355 0.433838 0.833008 0.0357056 0.0629883 0.193115 0.771484 0.62207 0.807617 0.552734 0.259766 0.813477 0.983398 0.240723 0.91748 0.935059 0.868164 0.422363 0.450439 0.148926 0.302979 0.945312 0.321045 0.485107 0.247681 0.45166 0.493896 0.648438 0.0822754 0.922852 0.78418 0.466064 0.0295563 0.467529 0.518555
0.777344 0.665039 0.368652 0.842773 0.131104 0.379883 0.76416 0.428223 0.496582 0.407471 0.104431 0.459229 0.665527 0.504883 0.164429 0.195801 0.0202484 0.404297 0.664062 0.451416 0.0244293 0.0302124 0.458008 0.101196 0.924805 0.0244751 0.189209 0.126709 0.819336 0.0761108 0.203857 0.0861206 0.0369263 0.716797 0.939453 0.177856 0.70166 0.246094 0.720215 0.65332 0.156128 0.145142 0.773438 0.789062 0.946777 0.453857 0.371338 0.75 0.644043 0.769043 0.0524597 0.659668 0.595215 0.47168 0.492676 0.464355 0.160034 0.465576 0.895996 0.231445 0.167725 0.90332 0.683594 0.862305
0.327393 0.339355 0.987793 0.651367 0.304932 0.981934 0.540039 0.38916 0.913086 0.709961 0.242676 0.583496 0.664062 0.327881 0.277832 0.15564 0.265381 0.672363 0.741699 0.714355 0.544922 0.911621 0.389404 0.967285 0.681641 0.892578 0.0909424 0.336426 0.490479 0.152832 0.838379 0.867676 0.91748 0.486572 0.140503 0.634766 0.980957 0.755371 0.355225 0.169312 0.411865 0.0511475 0.708008 0.585938 0.0802002 0.488281 0.804199 0.712891 0.246826 0.589355 0.998535 0.351562 0.19751 0.0684204 0.0987549 0.730469 0.660156 0.469238 0.197754 0.162842 0.0668335 0.85791 0.0601196 0.616699
0.600098 0.0411987 0.43335 0.637207 0.744141 0.930176 0.262451 0.297607 0.42749 0.438721 0.780762 0.108154 0.273193 0.219238 0.0243225 0.950195 0.0176392 0.762695 0.937012 0.176514 0.227661 0.362793 0.422119 0.542969 0.397461 0.0690308 0.751465 0.867676 0.389893 0.17041 0.991699 0.695801 0.351562 0.781738 0.261719 0.728516 0.126099 0.77002 0.0982056 0.0776978 0.332764 0.0980225 0.411377 0.133057 0.57959 0.747559 0.897461 0.211182 0.974121 0.772949 0.893066 0.790527 0.518555 0.825195 0.88916 0.390869 0.196655 0.341553 0.638672 0.262695 0.470459 0.564453 0.70459 0.243408
0.813965 0.156372 0.398682 0.491699 0.880371 0.375488 0.630371 0.678711 0.0284729 0.859863 0.714355 0.999023 0.871094 0.0803833 0.4729 0.902344 0.29834 0.197388 0.760742 0.958008 0.275391 0.691895 0.0451965 0.216431 0.984375 0.221069 0.171265 0.69873 0.131348 0.0563354 0.810059 0.586914 0.946777 0.690918 0.196899 0.348389 0.322021 0.0726929 0.00837708 0.300781 0.536621 0.352539 0.432617 0.332275 0.131714 0.84375 0.02742 0.206055 0.292969 0.758789 0.842773 0.72998 0.452637 0.272461 0.856934 0.411133 0.825195 0.615723 0.0511475 0.719238 0.104004 0.500488 0.591797 0.349121
0.646484 0.661621 0.602539 0.385986 0.699707 0.53418 0.321045 0.826172 0.431396 0.586426 0.0297241 0.726074 0.947266 0.325195 0.192383 0.659668 0.532227 0.987305 0.257812 0.95459 0.342285 0.875488 0.0597839 0.215942 0.42334 0.269775 0.39209 0.669922 0.0877075 0.29126 0.880371 0.371338 0.371582 0.343506 0.643555 0.559082 0.777832 0.392334 0.549805 0.708008 0.169189 0.469238 0.641602 0.213257 0.4104 0.0410767 0.545898 0.884277 0.213135 0.380127 0.894043 0.279785 0.402588 0.350342 0.386963 0.785156 0.273926 0.479736 0.865723 0.00208473 0.430176 0.0753784 0.554688 0.492432
0.878418 0.63916 0.735352 0.666016 0.583008 0.134155 0.831055 0.952637 0.793945 0.0768433 0.675293 0.0697021 0.681152 0.83252 0.400391 0.564941 0.158569 0.460205 0.993164 0.836426 0.881836 0.260254 0.168213 0.200562 0.177856 0.0480652 0.490479 0.389648 0.128296 0.214355 0.154053 0.542969 0.449707 0.692383 0.0927734 0.334229 0.898438 0.263672 0.314697 0.131592 0.151123 0.947266 0.352295 0.745117 0.418213 0.547363 0.713379 0.435547 0.257324 0.262207 0.019989 0.964844 0.549805 0.438721 0.265625 0.31958 0.134888 0.0223541 0.425537 0.619141 0.138062 0.57666 0.0802002 0.713867
0.198242 0.964844 0.269287 0.0861206 0.828125 0.108337 0.788086 0.946289 0.989746 0.850098 0.0823364 0.791504 0.845703 0.259277 0.145752 0.250732 0.510742 0.300293 0.950684 0.267822 0.577637 0.813965 0.00820923 0.501953 0.490234 0.965332 0.602539 0.513184 0.872559 0.422363 0.185059 0.941406 0.994629 0.609375 0.649902 0.92334 0.475098 0.511719 0.391357 0.164062 0.759277 0.644043 0.3479 0.319336 0.218262 0.540527 0.142578 0.612793 0.276367 0.789551 0.989258 0.57373 0.340576 0.189575 0.805664 0.447266 0.858887 0.119873 0.788574 0.80957 0.750977 0.264648 0.878418 0.0750732
0.793457 0.381592 0.746582 0.593262 0.793457 0.996094 0.789062 0.461426 0.790527 0.478516 0.241577 0.209595 0.658691 0.193604 0.76416 0.445801 0.538574 0.896973 0.464355 0.648438 0.0602112 0.27832 0.304932 0.483643 0.856445 0.734863 0.230835 0.864258 0.712891 0.604492 0.983887 0.782227 0.191772 0.762695 0.648438 0.268311 0.53125 0.670898 0.236084 0.298828 0.734863 0.770508 0.396729 0.194214 0.920898 0.340576 0.463867 0.458496 0.0195923 0.179199 0.70459 0.997559 0.0362244 0.938965 0.0318909 0.390137 0.421387 0.0708008 0.877441 0.663086 0.476807 0.138794 0.745605 0.232422
0.316895 0.840332 0.945312 0.198364 0.737305 0.291504 0.0169525 0.429199 0.537598 0.757812 0.25293 0.769043 0.603516 0.364258 0.64209 0.934082 0.309814 0.0929565 0.802734 0.0512085 0.459961 0.375732 0.17041 0.446533 0.547852 0.449463 0.242676 0.429199 0.385986 0.769043 0.854004 0.138306 0.944824 0.195557 0.404053 0.532715 0.612305 0.0947876 0.215698 0.842773 0.0840454 0.256104 0.443848 0.901367 0.307129 0.458984 0.950195 0.334961 0.0404968 0.356201 0.772949 0.0307312 0.116699 0.584473 0.0891113 0.368652 0.35376 0.582031 0.603027 0.710938 0.166382 0.378906 0.239502 0.42749
0.397461 0.528809 0.4729 0.69873 0.909668 0.687012 0.197998 0.84082 0.0158386 0.424805 0.341309 0.427979 0.871582 0.657227 0.281982 0.739258 0.595215 0.69043 0.453613 0.920898 0.439209 0.574707 0.0189972 0.691895 0.0878906 0.537598 0.860352 0.0280151 0.174561 0.0617676 0.906738 0.365967 0.562012 0.501953 0.785156 0.956543 0.64209 0.491455 0.0520935 0.808105 0.882812 0.821289 0.35376 0.180176 0.74707 0.176025 0.402832 0.840332 0.00846863 0.915527 0.790039 0.428467 0.306396 0.356934 0.549805 0.53418 0.580566 0.343994 0.821777 0.683105 0.846191 0.696289 0.864258 0.884766
0.603516 0.907715 0.503418 0.314941 0.953613 0.617188 0.821289 0.377441 0.0429382 0.682617 0.737793 0.514648 0.918945 0.865723 0.754883 0.0104141 0.935547 0.753418 0.554199 0.923828 0.217896 0.256104 0.588379 0.589355 0.422363 0.0133438 0.517578 0.519043 0.510742 0.537598 0.748535 0.397461 0.592285 0.480225 0.592773 0.941895 0.337646 0.68457 0.657227 0.114563 0.459961 0.150513 0.543945 0.0505066 0.112 0.421143 0.674805 0.499756 0.604492 0.625977 0.891602 0.535645 0.532227 0.447021 0.120544 0.280518 0.878906 0.390381 0.73584 0.361084 0.790527 0.783691 0.243042 0.438721
0.756348 0.333252 0.0182343 0.134155 0.845703 0.252197 0.626465 0.0651855 0.584961 0.891113 0.844238 0.0512085 0.21936 0.463379 0.139771 0.872559 0.287109 0.313232 0.343262 0.559082 0.638672 0.04776 0.904297 0.0914917 0.827637 0.826172 0.699707 0.560547 0.273193 0.34668 0.0697632 0.519531 0.973633 0.682129 0.45874 0.0137253 0.540527 0.277832 0.780762 0.900391 0.885254 0.090332 0.874023 0.442139 0.938477 0.145142 0.820801 0.748535 0.095459 0.654297 0.0111465 0.0780029 0.25 0.795898 0.0507507 0.687988 0.720215 0.295898 0.783203 0.447998 0.66748 0.69873 0.0834961 0.930664
0.806641 0.613281 0.51416 0.0662842 0.158936 0.564453 0.280762 0.893066 0.311768 0.28418 0.821289 0.548828 0.803711 0.418945 0.77832 0.390869 0.946777 0.883789 0.582031 0.439697 0.574707 0.0384216 0.837891 0.13208 0.812988 0.447754 0.460938 0.172729 0.620117 0.661133 0.204712 0.580566 0.298584 0.939453 0.964355 0.0534973 0.734863 0.734863 0.224976 0.15979 0.0792236 0.39209 0.875 0.681152 0.78125 0.293213 0.466797 0.77832 0.647461 0.376709 0.819824 0.862305 0.919922 0.443604 0.285645 0.310303 0.728516 0.84668 0.0369568 0.267334 0.581543 0.306641 0.466309 0.744629
0.29126 0.862793 0.403564 0.95459 0.803223 0.423828 0.159302 0.303467 0.452393 0.0136642 0.583008 0.693359 0.566895 0.255859 0.568359 0.826172 0.587891 0.730469 0.293457 0.600098 0.556641 0.731934 0.398926 0.909668 0.975586 0.705078 0.0916138 0.629883 0.0227203 0.515625 0.785645 0.533203 0.983398 0.743164 0.282715 0.214111 0.352051 0.664062 0.346436 0.868652 0.525391 0.338623 0.384766 0.742188 0.773926 0.633301 0.51416 0.271729 0.204468 0.484863 0.981445 0.566406 0.065979 0.138184 0.27002 0.147705 0.154297 0.00307465 0.645508 0.4729 0.51709 0.68457 0.789551 0.27124
0.519531 0.837402 0.754883 0.167114 0.298584 0.672852 0.158447 0.269775 0.284424 0.221069 0.484131 0.906738 0.363281 0.360107 0.16333 0.266602 0.803223 0.625488 0.866211 0.27417 0.703125 0.808105 0.250244 0.127686 0.338379 0.342529 0.630371 0.143555 0.959961 0.575684 0.790039 0.168945 0.544922 0.04422 0.0636597 0.92627 0.26416 0.512207 0.70752 0.072937 0.394043 0.515625 0.640137 0.505371 0.481689 0.803711 0.710449 0.907227 0.335205 0.229248 0.578613 0.647461 0.919434 0.991211 0.689453 0.426025 0.27832 0.182007 0.710449 0.640625 0.178833 0.616699 0.0505371 0.333252
0.428711 0.143433 0.918457 0.689453 0.185425 0.30542 0.0102158 0.156982 0.126953 0.349121 0.873535 0.387939 0.717773 0.822754 0.250977 0.255371 0.120483 0.648926 0.400635 0.181152 0.498047 0.526855 0.214355 0.987793 0.41333 0.287598 0.455811 0.713867 0.0451355 0.272217 0.520508 0.990234 0.54541 0.745605 0.598633 0.207642 0.96582 0.268066 0.937988 0.340088 0.807617 0.694336 0.835449 0.470703 0.131592 0.628418 0.730957 0.0153656 0.411865 0.902344 0.49292 0.0381775 0.182739 0.06073 0.976562 0.817383 0.293213 0.0515747 0.414062 0.412598 0.256104 0.0489807 0.626465 0.618652
0.0112915 0.664062 0.097168 0.343994 0.460205 0.922363 0.568848 0.652344 0.196655 0.0489502 0.573242 0.52832 0.797852 0.525879 0.456055 0.539062 0.0916748 0.982422 0.207031 0.885742 0.0884399 0.612305 0.391357 0.231079 0.139038 0.4729 0.451904 0.799316 0.651367 0.504395 0.267822 0.54248 0.875488 0.550293 0.431396 0.79541 0.0511475 0.361572 0.114929 0.70752 0.591309 0.336182 0.522461 0.912598 0.972656 0.019165 0.745117 0.184814 0.276611 0.32959 0.521973 0.536133 0.983887 0.677246 0.418945 0.19165 0.171997 0.74707 0.455322 0.00992584 0.598145 0.123169 0.899902 0.938477
0.446289 0.363281 0.255859 0.777344 0.864258 0.646484 0.21106 0.519043 0.205322 0.571777 0.718262 0.981445 0.64209 0.976074 0.212891 0.822754 0.571777 0.69043 0.222412 0.787598 0.0247192 0.557617 0.415527 0.875 0.929199 0.394775 0.39624 0.979492 0.0117416 0.0181427 0.19519 0.509766 0.368408 0.455078 0.0571594 0.137939 0.289551 0.540527 0.828613 0.532227 0.730957 0.438477 0.288818 0.316406 0.218262 0.200195 0.299072 0.125 0.0646362 0.643066 0.742188 0.649414 0.530273 0.955566 0.730957 0.416748 0.702637 0.161743 0.561035 0.939453 0.131836 0.558105 0.0138321 0.671875
0.846191 0.793457 0.749512 0.807617 0.691895 0.0714722 0.422852 0.334961 0.704102 0.145142 0.65625 0.58252 0.880371 0.0741577 0.897461 0.851562 0.274658 0.174561 0.609375 0.193115 0.404541 0.182007 0.00129223 0.609863 0.0761719 0.786133 0.059021 0.117065 0.0104294 0.444824 0.873535 0.500977 0.544434 0.45874 0.309082 0.685059 0.717773 0.0791626 0.085083 0.00082016 0.80957 0.296631 0.479004 0.536133 0.173584 0.391357 0.140869 0.471924 0.98584 0.450928 0.938965 0.383789 0.847656 0.999512 0.176758 0.742188 0.131348 0.900391 0.425049 0.354492 0.537598 0.563965 0.834473 0.397705
0.0218048 0.76416 0.577148 0.112732 0.552734 0.520996 0.0450439 0.221191 0.0209503 0.59375 0.219238 0.134888 0.719238 0.0258484 0.161987 0.251953 0.75293 0.833496 0.79834 0.25708 0.98877 0.818848 0.711426 0.0803223 0.536133 0.835938 0.25293 0.364746 0.213135 0.685059 0.691895 0.252197 0.0488586 0.388672 0.299072 0.301758 0.793945 0.19458 0.286621 0.828125 0.497314 0.882812 0.747559 0.192993 0.738281 0.699219 0.059082 0.489502 0.838867 0.595703 0.432861 0.941406 0.769043 0.402832 0.252441 0.866211 0.093811 0.92334 0.106079 0.44165 0.0235901 0.996094 0.935547 0.530762
0.119751 0.426514 0.494629 0.479736 0.0246277 0.683105 0.914062 0.762207 0.731445 0.730469 0.355469 0.249023 0.848145 0.17395 0.731445 0.980469 0.760254 0.389893 0.270508 0.983398 0.166626 0.4104 0.766602 0.0623779 0.658691 0.608398 0.862305 0.540039 0.561523 0.0369263 0.101074 0.752441 0.907227 0.0758667 0.322998 0.520508 0.277832 0.433838 0.480469 0.273193 0.300293 0.683594 0.275635 0.691406 0.42749 0.145874 0.219482 0.80957 0.0225372 0.773438 0.169556 0.4021 0.321777 0.509277 0.41748 0.273438 0.643555 0.634277 0.796387 0.606934 0.772461 0.0480957 0.905273 0.793945
0.299072 0.786621 0.379395 0.435303 0.100342 0.0671387 0.219849 0.0800171 0.509766 0.655762 0.771973 0.690918 0.229614 0.818359 1 0.157349 0.599609 0.677734 0.0854492 0.368652 0.326416 0.327637 0.527832 0.233765 0.595215 0.440918 0.395508 0.932617 0.191772 0.941895 0.700195 0.281494 0.0310059 0.71875 0.924805 0.0436401 0.13562 0.40332 0.281982 0.839844 0.548828 0.0870972 0.110229 0.567383 0.293945 0.0829468 0.391602 0.490234 0.421631 0.370117 0.435059 0.867676 0.18689 0.68457 0.630371 0.904297 0.432373 0.84082 0.89502 0.344238 0.43457 0.925781 0.925293 0.356201
0.537598 0.737793 0.092041 0.595215 0.0628662 0.650391 0.993164 0.605469 0.807617 0.40332 0.192871 0.927246 0.582031 0.469238 0.601562 0.420166 0.634277 0.691895 0.682617 0.820312 0.103821 0.186035 0.439697 0.13855 0.161255 0.699707 0.724609 0.498047 0.57666 0.500488 0.901367 0.71582 0.209839 0.272217 0.171021 0.962891 0.865234 0.530273 0.281738 0.2323 0.32251 0.337891 0.564453 0.4729 0.549316 0.331787 0.466797 0.228516 0.716797 0.263672 0.75 0.180664 0.589355 0.644531 0.866211 0.516602 0.492432 0.384521 0.368896 0.6875 0.548828 0.928223 0.78418 0.051178
0.343018 0.798828 0.510254 0.902344 0.229736 0.384521 0.567383 0.228149 0.714355 0.333252 0.914062 0.186401 0.492676 0.456055 0.709473 0.170898 0.977539 0.267578 0.163452 0.0153961 0.490723 0.739746 0.00148869 0.855957 0.156128 0.733398 0.412598 0.216064 0.324707 0.474121 0.269775 0.487549 0.546387 0.905273 0.881836 0.666016 0.513184 0.0499573 0.178345 0.737305 0.187988 0.987793 0.965332 0.0784302 0.928711 0.84082 0.561523 0.861816 0.37085 0.0497437 0.138062 0.673828 0.745605 0.253662 0.236938 0.462891 0.0919189 0.458496 0.0478821 0.615234 0.847168 0.882812 0.179443 0.285889
0.873535 0.0344849 0.713379 0.41748 0.530762 0.471924 0.81543 0.962402 0.264404 0.327881 0.185425 0.941406 0.943848 0.733398 0.455322 0.220093 0.00710678 0.292969 0.192261 0.214722 0.160156 0.408203 0.208984 0.227783 0.500977 0.670898 0.567871 0.801758 0.635254 0.785645 0.753906 0.987793 0.0455017 0.00435257 0.154785 0.328369 0.50293 0.823242 0.282959 0.919434 0.908203 0.592285 0.999512 0.0453796 0.953125 0.093811 0.434326 0.315674 0.401611 0.40625 0.834473 0.0354309 0.515625 0.780273 0.976074 0.476807 0.284912 0.612305 0.813965 0.0997314 0.0588684 0.8125 0.927734 0.594727
0.309082 0.776855 0.719727 0.0445862 0.664551 0.949707 0.223267 0.456543 0.444092 0.920898 0.669922 0.438721 0.0843506 0.458984 0.0328979 0.0283356 0.178345 0.844727 0.836426 0.182007 0.476074 0.883789 0.606445 0.767578 0.911621 0.0843506 0.115051 0.213379 0.418457 0.262939 0.492676 0.100159 0.208862 0.292725 0.762695 0.24707 0.722656 0.0462341 0.723145 0.318359 0.0588074 0.703125 0.0117493 0.291504 0.749023 0.421631 0.367676 0.390381 0.145996 0.541504 0.519531 0.632324 0.190796 0.133423 0.33252 0.507812 0.352051 0.016098 0.34082 0.433838 0.344482 0.382812 0.369385 0.805664
0.254883 0.704102 0.354248 0.0220032 0.408936 0.79834 0.137329 0.949219 0.161987 0.297607 0.14209 0.364746 0.171143 0.352783 0.757324 0.0825195 0.112427 0.630859 0.670898 0.911621 0.93457 0.154785 0.370361 0.387207 0.575195 0.835938 0.0530396 0.262207 0.346191 0.226685 0.925293 0.527832 0.0254669 0.61377 0.925781 0.949219 0.0957031 0.804199 0.240356 0.620117 0.714355 0.257812 0.447021 0.538574 0.319336 0.791992 0.807129 0.544434 0.11676 0.90332 0.684082 0.989746 0.410889 0.891602 0.411133 0.551758 0.831055 0.449463 0.765625 0.727539 0.524902 0.912109 0.280029 0.499512
0.0651855 0.113159 0.967285 0.0917969 0.169678 0.281738 0.467041 0.849609 0.708496 0.50293 0.719238 0.639648 0.546387 0.991699 0.439941 0.662598 0.294434 0.27002 0.79834 0.257324 0.330566 0.438721 0.570801 0.125366 0.520508 0.918457 0.582031 0.47876 0.946289 0.381592 0.920898 0.837891 0.136719 0.719727 0.623047 0.786133 0.179932 0.446533 0.682129 0.911133 0.910156 0.630371 0.538574 0.38916 0.457031 0.493164 0.422852 0.55127 0.609863 0.452148 0.212158 0.780762 0.24707 0.853027 0.340576 0.460938 0.170288 0.708984 0.500488 0.270508 0.522949 0.737305 0.234131 0.942871
0.532715 0.828613 0.697754 0.974121 0.712891 0.91748 0.255127 0.465088 0.361816 0.669922 0.240967 0.0339355 0.614258 0.0698242 0.721191 0.917969 0.485352 0.614258 0.864258 0.119995 0.0861206 0.133911 0.737305 0.921875 0.977539 0.09021 0.370361 0.258545 0.315186 0.487061 0.304932 0.839844 0.878906 0.48584 0.137695 0.347168 0.138062 0.364258 0.418701 0.638672 0.966309 0.791992 0.0731812 0.889648 0.256104 0.903809 0.629883 0.397461 0.577148 0.577637 0.0440063 0.241455 0.893555 0.354492 0.899414 0.290771 0.166504 0.466309 0.103821 0.603516 0.194702 0.826172 0.72168 0.261963
0.830566 0.919434 0.691895 0.208252 0.405273 0.0562744 0.00466537 0.689453 0.50293 0.120483 0.44751 0.888672 0.343018 0.529297 0.379639 0.879883 0.361572 0.499268 0.196411 0.33667 0.950195 0.680664 0.90332 0.113708 0.0174561 0.841309 0.808105 0.867676 0.75293 0.113647 0.144287 0.0767212 0.430176 0.238281 0.173096 0.310059 0.203369 0.397949 0.912598 0.64209 0.533203 0.650391 0.865723 0.845215 0.388672 0.945801 0.4104 0.228149 0.0100174 0.978516 0.577148 0.402344 0.977051 0.0188141 0.411133 0.0327148 0.325195 0.76709 0.415527 0.839355 0.0379333 0.303467 0.109985 0.118896
0.0131226 0.349854 0.47998 0.446045 0.667969 0.801758 0.157227 0.28125 0.231079 0.0944214 0.0835571 0.0276489 0.621094 0.256836 0.281738 0.762695 0.616699 0.873535 0.576172 0.237793 0.552246 0.964355 0.524902 0.315674 0.621094 0.864746 0.329834 0.0549011 0.461914 0.221069 0.35498 0.670898 0.172485 0.782715 0.815918 0.557617 0.802246 0.25415 0.234619 0.171021 0.723633 0.614258 0.779297 0.306641 0.39209 0.361572 0.845215 0.00189114 0.758789 0.755371 0.157471 0.101624 0.732422 0.100586 0.791992 0.95459 0.818848 0.791016 0.423096 0.0545959 0.98877 0.766602 0.70166 0.461426
0.310303 0.493652 0.0664062 0.816895 0.84375 0.297119 0.0189362 0.893066 0.858398 0.0773315 0.345459 0.493164 0.280029 0.574707 0.885742 0.113953 0.505371 0.0185547 0.52832 0.571289 0.110535 0.164185 0.195435 0.0230713 0.902832 0.114685 0.55957 0.38501 0.134521 0.562988 0.508789 0.925781 0.916016 0.202759 0.0773926 0.524902 0.839355 0.610352 0.139038 0.292236 0.122314 0.937012 0.84668 0.678711 0.202759 0.357422 0.00142097 0.147461 0.221436 0.34668 0.0964355 0.900879 0.48877 0.826172 0.392334 0.754883 0.32666 0.932129 0.999512 0.834961 0.362305 0.729492 0.405518 0.12439
0.157959 0.259033 0.680176 0.859863 0.710449 0.0382385 0.544922 0.0785522 0.416016 0.830078 0.69043 0.472412 0.00684738 0.857422 0.657715 0.0353394 0.626953 0.171875 0.937988 0.0512695 0.495117 0.592285 0.292725 0.0808716 0.699219 0.733887 0.898926 0.204224 0.243286 0.266602 0.982422 0.944336 0.347412 0.725098 0.313721 0.944824 0.18457 0.153442 0.267822 0.811523 0.945312 0.701172 0.57373 0.431152 0.46875 0.434082 0.2146 0.940918 0.256836 0.567871 0.575684 0.753906 0.174805 0.0872192 0.509766 0.763184 0.985352 0.236328 0.613281 0.00230408 0.104797 0.161499 0.170044 0.735352
0.613281 0.391113 0.913086 0.0831299 0.412354 0.731934 0.419678 0.579102 0.658691 0.533203 0.864258 0.135742 0.894043 0.476074 0.306152 0.713379 0.634766 0.636719 0.513672 0.414307 0.780273 0.326904 0.947266 0.858887 0.0186462 0.934082 0.081543 0.922363 0.852051 0.391602 0.34668 0.366943 0.523926 0.564941 0.0777588 0.286377 0.928223 0.0245056 0.332764 0.248657 0.056366 0.711914 0.190918 0.439697 0.97168 0.108887 0.742676 0.213013 0.732422 0.527832 0.0505371 0.892578 0.250732 0.925781 0.681152 0.345459 0.0153732 0.132935 0.0619507 0.317383 0.459473 0.331299 0.40625 0.705078
0.124084 0.649902 0.465088 0.308838 0.724121 0.672852 0.648926 0.571777 0.886719 0.937012 0.059906 0.492188 0.151367 0.655273 0.358398 0.0162048 0.803711 0.215942 0.289551 0.529785 0.385986 0.856445 0.240601 0.239502 0.887207 0.335693 0.730957 0.0838013 0.265869 0.619629 0.318848 0.512695 0.862305 0.893555 0.274414 0.873535 0.161621 0.683105 0.147339 0.593262 0.658691 0.289551 0.279297 0.0108566 0.334473 0.20105 0.0288391 0.353516 0.51416 0.105713 0.938965 0.631348 0.941406 0.0985107 0.249268 0.16626 0.151611 0.547852 0.0508728 0.553711 0.466309 0.230103 0.99707 0.473389
0.804688 0.920898 0.282715 0.245728 0.410156 0.572266 0.865723 0.904785 0.847656 0.416504 0.719727 0.198242 0.954102 0.182373 0.850098 0.694824 0.159058 0.159058 0.195923 0.00589371 0.837402 0.467773 0.352539 0.296875 0.122375 0.0037632 0.29126 0.874512 0.331055 0.558105 0.862793 0.315918 0.71875 0.0685425 0.957031 0.503906 0.962402 0.545898 0.817871 0.519531 0.114441 0.170654 0.215576 0.644531 0.879395 0.475098 0.760742 0.824707 0.469971 0.947754 0.469727 0.0335083 0.577148 0.4375 0.896973 0.54834 0.259277 0.71582 0.47876 0.00439072 0.535156 0.236816 0.725098 0.227783
0.491211 0.0300293 0.648926 0.749023 0.995605 0.866211 0.250732 0.531738 0.452393 0.609863 0.539551 0.205444 0.575195 0.308594 0.706543 0.278076 0.792969 0.0966797 0.506836 0.250977 0.662109 0.587402 0.115234 0.0593872 0.196533 0.981934 0.572266 0.312012 0.980469 0.605957 0.500488 0.909668 0.973633 0.257324 0.170532 0.620605 0.82666 0.288086 0.647461 0.380371 0.20752 0.65918 0.543457 0.185059 0.389893 0.65625 0.456299 0.648438 0.989746 0.790039 0.0705566 0.857422 0.800781 0.364258 0.946777 0.665039 0.150269 0.155273 0.487549 0.936523 0.597656 0.907715 0.486572 0.418701
0.322266 0.614746 0.734375 0.39502 0.552246 0.78125 0.437256 0.518555 0.876465 0.787109 0.142212 0.283447 0.99707 0.914551 0.503906 0.26709 0.314453 0.516113 0.240112 0.797363 0.963867 0.67041 0.248779 0.741699 0.377441 0.30127 0.333496 0.597168 0.13855 0.0419312 0.503906 0.454102 0.856934 0.50293 0.924316 0.796875 0.636719 0.194702 0.538574 0.757324 0.418213 0.933594 0.627441 0.330078 0.552734 0.741699 0.171509 0.966309 0.790527 0.89502 0.928223 0.205078 0.281982 0.288086 0.0548401 0.613281 0.0104904 0.667969 0.839355 0.363525 0.217407 0.494629 0.875977 0.54834
0.597656 0.302246 0.0290833 0.838867 0.203857 0.568848 0.655273 0.366455 0.638184 0.89502 0.961426 0.407959 0.613281 0.375977 0.614258 0.140869 0.697266 0.0561218 0.660156 0.654297 0.897461 0.746094 0.657715 0.780762 0.979004 0.73877 0.521973 0.738281 0.0439148 0.162354 0.84668 0.0980225 0.910645 0.831055 0.605469 0.772461 0.493408 0.216553 0.0539246 0.818359 0.849121 0.940918 0.612305 0.838379 0.799805 0.815918 0.224487 0.283447 0.489502 0.126953 0.174194 0.0312347 0.61377 0.376465 0.928711 0.938477 0.680664 0.786621 0.356201 0.66748 0.011879 0.375732 0.470459 0.460205
0.808105 0.870605 0.594238 0.947754 0.73291 0.157837 0.267578 0.960938 0.990234 0.36792 0.79248 0.974609 0.178833 0.672852 0.348633 0.212402 0.102905 0.189575 0.30957 0.302246 0.122009 0.962891 0.285645 0.505859 0.744629 0.431396 0.814941 0.741211 0.366211 0.375244 0.354736 0.0479431 0.918945 0.452881 0.574707 0.153076 0.438965 0.383057 0.863281 0.223022 0.291504 0.915527 0.987305 0.0864258 0.697266 0.115234 0.406738 0.983398 0.0304565 0.146362 0.84375 0.888184 0.91748 0.94873 0.0359802 0.0338135 0.503906 0.737305 0.0904541 0.646973 0.76416 0.286865 0.726074 0.846191
0.719727 0.143677 0.207397 0.093689 0.462158 0.468018 0.635254 0.359131 0.89209 0.211914 0.483643 0.711426 0.868652 0.571777 0.786133 0.00610352 0.910156 0.206421 0.693848 0.717773 0.402832 0.245117 0.267822 0.43335 0.465332 0.838867 0.194092 0.625 0.312988 0.103699 0.410645 0.820312 0.418945 0.00492477 0.708984 0.75293 0.278564 0.686035 0.59082 0.56543 0.301025 0.754883 0.980957 0.510254 0.299561 0.917969 0.574219 0.806641 0.799316 0.810547 0.718262 0.633789 0.588379 0.64502 0.60498 0.147461 0.591309 0.0117798 0.661133 0.0465393 0.0634155 0.190796 0.740234 0.433105
0.201416 0.209961 0.532227 0.153931 0.157349 0.185913 0.476562 0.743652 0.681152 0.577637 0.699219 0.922363 0.532227 0.241821 0.369629 0.151245 0.632812 0.80957 0.2146 0.578125 0.115417 0.00217247 0.245972 0.370117 0.401367 0.751953 0.0396423 0.257568 0.554688 0.699707 0.595703 0.495361 0.50293 0.311279 0.198364 0.713867 0.831055 0.900879 0.710938 0.933105 0.309082 0.0914307 0.156006 0.88916 0.911621 0.237061 0.899414 0.783203 0.093811 0.75293 0.0658569 0.566895 0.14563 0.82373 0.0492554 0.21875 0.55957 0.177246 0.0917358 0.0283966 0.802734 0.159302 0.713379 0.898926
0.564453 0.203735 0.612793 0.0818481 0.578613 0.409912 0.894043 0.0262756 0.574707 0.259033 0.636719 0.0256805 0.398193 0.136353 0.488281 0.0847168 0.389893 0.50293 0.652832 0.861328 0.760742 0.0107803 0.189819 0.597656 0.572266 0.257812 0.514648 0.302002 0.63916 0.72168 0.424561 0.567871 0.892578 0.135132 0.0333862 0.166748 0.979492 0.660645 0.644043 0.123413 0.17688 0.00570297 0.86084 0.528809 0.635254 0.260254 0.227539 0.731934 0.125977 0.800781 0.85498 0.96582 0.167236 0.744629 0.086731 0.72168 0.224121 0.0332947 0.873535 0.0949097 0.431641 0.98584 0.80957 0.776855
