64
64
14.8213 15.6403 14.9788 14.3154 15.1755 15.4728 13.7615 15.126 16.8333 15.4806 15.0422 13.2621 16.8723 13.88 14.8023 14.5764 13.0542 14.7335 14.3701 14.343 13.4491 14.2073 13.4355 14.0113 16.0751 14.8227 14.1577 14.6967 13.1457 13.7712 14.6255 14.6514 16.9219 15.1854 13.5363 13.4484 15.1063 12.757 12.4854 14.7264 15.0192 15.292 16.0948 14.4104 15.6948 12.6168 13.2485 15.2385 13.1265 14.5884 15.3122 14.7937 15.3942 14.8999 12.7864 15.5603 12.5495 15.326 15.4765 13.4378 13.9411 16.4347 16.4849 16.4174
17.4829 16.7595 17.3651 16.9256 17.3455 18.0767 15.9364 17.4764 18.1196 16.7559 17.5283 15.857 18.646 15.7166 16.7068 16.3041 14.9936 17.367 17.539 16.5042 13.1217 15.5755 13.3588 14.0317 17.7899 16.4209 15.8721 15.2504 15.9179 15.8398 17.7506 18.1645 17.4965 17.1549 14.5146 15.9413 16.8575 15.3074 15.0264 15.8402 17.9958 16.6843 18.7431 14.2849 16.6724 15.7297 15.6528 16.8903 14.9585 16.7852 17.2751 17.8806 18.1162 18.3477 15.5514 17.6846 14.88 16.7427 17.8524 15.337 15.825 19.8644 17.8554 17.7756
16.7123 16.1763 17.0291 16.6619 15.1089 16.889 15.4126 17.0033 17.5703 16.1831 17.1458 15.1125 18.3094 15.6513 16.1204 14.0319 14.2379 17.2903 17.1066 16.1691 14.1392 15.8529 13.1643 14.8598 16.9512 14.5322 14.0742 14.3061 14.6487 14.5444 17.3118 16.3669 16.4502 16.9513 15.1924 15.5383 18.1351 14.4827 14.6279 14.5108 15.7165 15.7241 17.9063 14.9175 16.0638 15.2626 15.7124 16.602 14.6691 16.4376 17.1589 15.6353 16.0159 14.4592 15.5734 17.4486 15.4218 15.6326 17.1046 13.4383 14.8162 17.78 16.196 16.5725
17.2532 16.5353 17.2379 16.5016 16.7119 17.995 14.2672 16.8703 17.6962 15.4898 17.1777 15.9644 18.2066 16.3875 16.5783 15.8496 16.0951 17.2053 16.4046 16.5957 14.5608 17.6581 13.929 14.3234 16.7714 15.5814 15.1377 16.2732 14.9668 15.5809 17.128 16.6835 17.6255 16.0933 15.852 16.3185 18.0165 14.3617 15.4602 16.426 15.9082 16.8738 18.8576 15.5066 16.3365 15.9939 17.026 15.6532 15.0341 16.7898 17.0119 15.6149 17.8274 15.3767 15.246 18.8315 16.4826 16.8222 19.4296 14.6987 15.7633 18.5181 17.0477 16.4138
17.0789 17.4695 17.3419 14.7504 16.4284 18.9833 16.0975 17.8512 18.6824 16.8217 17.2425 16.0763 19.8264 14.722 16.1432 16.2474 14.8326 17.5235 18.7465 15.4058 15.3272 17.2657 15.5021 15.0464 17.0524 16.871 15.2366 15.289 16.4561 15.3543 16.5624 16.1386 18.0121 16.9649 15.0968 16.337 18.132 15.2304 14.8323 15.4205 15.5518 16.9386 19.1315 15.3995 17.4015 16.0781 16.5096 17.4783 15.7496 17.1387 18.2627 16.4457 18.9565 16.2957 15.8791 17.3481 15.1568 17.6788 16.9467 13.7966 14.9062 17.5929 18.1029 18.1564
15.6707 15.1624 17.458 14.8147 14.948 15.0853 14.0457 16.2653 17.4815 14.3364 16.8261 15.2368 16.5254 14.1761 17.2426 15.4586 13.1275 16.6509 15.7896 14.4322 13.0175 14.5833 13.0907 13.6855 15.206 15.1766 14.1414 14.6385 15.1048 15.1545 15.7076 15.9287 16.1005 16.2317 14.4422 14.1302 16.7066 15.0171 13.7869 13.7628 14.7235 14.5516 16.1664 14.8942 14.4701 13.9987 14.8148 14.372 12.9607 15.3537 17.0258 16.4209 15.8666 15.3602 12.7761 16.4672 14.7664 14.4518 16.9938 13.8136 14.7549 16.2622 15.7071 16.1553
13.0603 12.3365 13.4802 13.085 13.389 15.0496 11.4753 12.6607 13.8447 13.6809 13.058 11.4502 13.5845 11.608 12.9611 12.6959 11.2284 14.0867 12.3748 12.1604 11.3372 13.2124 11.3841 11.7821 14.3378 12.0846 11.5569 13.0347 11.359 11.1595 14.1119 13.5416 13.9025 13.2392 12.5866 12.3083 13.3429 11.4077 11.3147 13.2809 13.3514 12.8542 13.2845 11.5662 13.507 12.3178 12.7074 11.6761 12.2392 12.7512 13.5795 11.6744 13.1494 12.1251 12.449 14.5959 12.05 11.8842 14.2336 12.0457 11.6439 14.3127 14.4216 12.6689
14.6703 14.2536 14.996 14.5649 14.3633 16.8754 14.1757 15.2433 15.7161 13.7575 15.5763 13.9581 16.6277 14.8048 15.143 15.1371 13.5449 16.1736 14.967 16.0869 13.0684 13.994 12.9191 13.0323 16.4877 13.8291 14.0236 15.0435 14.0898 13.3663 15.3596 15.6888 15.1412 14.6872 13.2443 13.873 14.4331 13.5707 13.2737 13.6706 15.4762 13.7369 16.7751 14.2474 15.0035 13.6818 15.1221 13.148 13.553 14.8828 15.2387 14.7726 14.6305 15.7275 14.5923 15.7006 14.2914 14.941 17.1552 13.0156 14.3458 17.7716 15.4154 15.878
16.4027 15.7519 16.983 14.9976 14.6568 17.5999 14.0654 16.5314 16.9531 14.0836 15.6526 14.2247 17.25 15.0263 14.9981 14.9629 14.0384 16.6607 16.289 15.3532 12.9308 14.6762 13.3068 14.3297 15.6977 14.778 15.1275 14.7436 14.6864 13.1752 16.5078 15.798 15.6034 14.8626 14.2376 15.5103 16.4667 14.5562 14.7725 14.2426 15.7907 15.5061 17.0455 14.9589 15.9853 15.0059 15.8004 15.5287 13.704 17.1212 16.5421 15.5095 15.8597 16.9235 14.5272 15.957 13.6191 14.3415 17.3312 13.7878 14.3244 17.2606 17.0719 16.5058
16.6394 16.5731 17.3682 16.7487 15.6594 19.191 14.9838 17.8839 19.6144 16.8859 16.8433 15.8645 18.895 17.0223 16.0773 15.9835 15.3777 17.5192 16.6986 16.6484 14.823 16.0377 14.2293 15.9323 17.3078 15.9552 16.424 15.5886 16.1189 14.5441 15.7435 17.1341 17.9568 17.0372 15.5454 15.358 16.9469 15.0989 14.7798 15.5686 16.3238 16.8687 18.3404 15.7391 17.4118 14.8245 16.249 17.0457 14.3817 16.7499 16.7043 16.9776 17.9326 16.4339 15.8288 17.8092 15.8056 17.1374 18.5005 14.3487 16.5155 19.2859 16.9486 18.3814
16.3952 15.9167 16.2434 15.4038 15.0057 16.3451 14.4748 16.5257 16.3895 15.7143 16.1422 14.4005 18.0004 15.6411 16.1179 14.7783 15.3079 16.1742 15.281 16.3453 13.8737 15.3722 13.5164 14.181 16.5866 16.662 13.9395 15.1222 13.2618 15.1809 17.4607 16.1867 16.3092 16.4537 14.6899 15.5688 16.3031 13.4769 12.9652 15.5135 17.4935 17.0095 16.7647 14.8312 15.3875 14.7128 14.5443 15.8226 13.5859 15.6643 16.0532 15.7728 15.5434 15.6465 13.9787 16.8389 14.7072 15.5784 17.6246 15.1792 15.4947 16.2465 16.1586 16.6318
16.1044 17.9647 17.8486 15.9327 17.7413 18.702 15.1151 18.7879 17.6769 16.9773 15.4089 16.8725 19.6686 16.3698 15.6699 16.2668 15.9872 17.7065 16.8231 17.0104 13.9235 17.0724 13.4791 15.3534 17.3161 15.746 15.484 16.8389 13.9426 14.9772 17.961 17.2625 18.0725 15.7483 15.5573 17.4603 15.8868 14.0636 14.8465 17.0491 17.6685 17.4784 17.4123 15.25 16.5493 14.2344 15.9148 16.181 14.3185 17.3755 17.9356 15.6501 17.3519 16.521 15.0252 17.0336 15.2636 16.702 18.6408 14.0796 15.7097 17.4804 19.0173 17.7798
17.3176 18.4079 17.9773 17.0087 17.1028 18.4065 16.7944 17.3644 20.0988 15.9483 17.2186 16.4834 18.954 16.4652 17.1416 15.1629 14.8672 18.458 18.3577 14.8371 15.2975 17.218 14.2395 16.2265 18.9058 16.7135 15.8767 17.6382 14.9985 15.4256 19.0094 18.6669 17.7692 18.8978 18.0333 17.5506 18.2887 15.9587 15.489 17.0549 18.3155 17.7506 19.0994 15.3641 17.1774 16.8817 17.1523 15.7906 16.4972 17.7507 18.6167 16.9372 18.0531 17.6926 16.3003 18.9366 15.6561 16.4623 19.1475 14.8048 15.3222 19.559 19.2266 17.5848
17.1884 16.2336 17.9031 16.0744 16.6234 19.0008 15.139 17.904 18.7015 15.983 17.4792 15.8143 18.0899 16.6798 17.1009 15.4999 14.7479 18.2786 16.8951 17.4983 15.2591 16.7335 14.6764 14.7121 18.3029 16.055 15.5208 16.2303 16.0001 14.7577 15.9558 17.3754 18.6393 17.1001 15.0905 15.6613 18.8546 15.254 15.3103 15.9001 14.7898 16.4788 18.7118 16.4174 16.2041 14.7944 16.2077 16.1857 14.2098 17.4583 16.7177 17.9369 17.6723 16.7268 14.8207 19.0111 15.8694 16.2258 18.7078 15.6332 14.8114 19.2851 16.4179 18.6385
16.7797 16.3282 15.7855 15.8328 15.6527 16.7258 15.5641 17.52 18.218 14.906 16.2279 15.6782 18.219 15.235 16.6725 15.9166 13.9682 16.314 16.1383 16.1886 13.7406 15.7092 12.5545 14.2405 15.6733 15.7517 14.3917 15.7269 14.1375 13.8529 17.7095 16.7717 17.1703 16.8998 15.0623 15.8366 17.1056 14.4946 14.5817 16.2793 16.7123 15.806 17.6681 14.9745 15.5745 15.5489 15.4951 15.4969 13.7286 16.3087 17.0777 16.6584 16.4438 15.7945 14.3338 16.623 14.971 15.3648 17.8422 14.1035 15.0344 17.3175 16.4455 15.9483
17.4292 17.1508 18.0618 15.9345 17.0874 18.1587 16.1848 17.9925 19.9234 17.3827 16.8647 16.0262 19.2954 16.5912 17.2561 15.3691 14.5498 18.2289 17.4849 16.7539 15.6975 16.6087 13.4254 15.3466 18.7336 16.0762 15.8297 17.658 14.6645 16.1331 18.7644 17.9525 18.005 17.5029 16.994 16.1916 17.2003 15.412 14.6834 16.3514 17.0096 15.6378 19.3332 15.7853 17.108 14.3515 16.334 17.2566 15.5647 16.9321 19.1041 17.0654 16.7529 17.5974 14.4298 19.1303 16.6323 16.7623 19.537 13.3378 15.9925 19.038 18.2255 17.6682
14.4962 14.9642 16.3386 16.2717 15.2514 17.03 13.1201 15.7623 17.5763 15.1512 15.8002 13.2807 16.8151 13.7974 14.9591 14.7086 13.8994 15.6657 14.7472 13.9177 14.1277 15.047 12.016 14.4747 16.2051 14.711 14.5446 14.3859 13.7298 13.5672 16.5892 15.7352 16.9685 16.0301 13.6163 14.5496 16.1012 14.556 12.1311 14.9439 15.4772 15.5081 16.9344 13.645 16.2444 14.5593 15.2762 15.209 13.645 14.5107 15.2715 14.7904 16.014 16.2165 14.2201 16.3081 13.926 15.5697 15.1206 14.1664 14.6532 17.208 15.6968 15.3713
17.1868 18.1435 17.1212 15.4249 16.4121 17.1886 15.9836 17.939 18.7436 17.1689 17.1414 16.6508 18.7517 15.7353 16.4514 15.9704 15.7396 17.5182 16.9968 17.9797 14.1296 16.247 14.6518 14.6185 18.0219 17.9433 15.6664 14.5457 14.5238 15.6293 16.7729 15.6981 18.2295 17.9563 15.1965 16.2654 17.0463 15.3952 14.0774 16.0772 16.114 16.8647 17.7361 15.4835 17.2163 14.3791 15.4659 18.285 13.5714 16.862 17.5586 16.9769 17.7398 16.2237 14.1655 16.5086 14.994 16.4215 17.1532 14.9668 15.7148 17.9567 17.6374 18.2642
15.1148 14.7472 16.2837 14.586 15.7741 17.8941 14.3571 17.0512 17.3509 15.0089 15.4621 14.2535 18.1722 14.7762 15.8119 15.0549 13.7506 16.2017 15.9076 15.7653 13.6068 14.4678 13.238 14.248 16.2457 15.6081 14.6936 14.9346 14.9015 14.1789 15.7875 16.8501 17.2965 15.2186 13.8006 14.5079 15.8565 14.5545 12.6902 14.0025 15.3 17.1897 17.0674 13.613 15.322 13.4301 13.8845 15.8244 12.9719 15.5828 17.257 16.7207 15.9869 16.4975 13.9598 15.4994 13.5708 15.5407 16.3873 14.3456 14.4122 16.1994 16.3839 18.0179
16.7061 16.5231 15.9795 14.9796 15.7087 16.082 14.9164 15.9557 17.5602 15.2157 16.3587 15.0169 17.3571 14.4856 16.9623 15.458 15.4991 15.9407 16.8018 15.8878 14.4935 14.018 13.8411 13.4903 15.3721 15.9649 15.6456 14.6248 13.4045 15.7894 16.4493 16.3111 16.7439 16.1276 14.5507 15.3963 16.3018 14.4013 13.4579 15.2588 16.18 15.8424 16.852 15.4045 15.4609 14.762 13.9245 15.1031 14.2889 16.5356 16.5504 14.9163 16.7239 15.5273 14.0619 16.8821 14.8774 15.8192 17.7494 13.5379 15.0242 17.0446 15.8566 16.1691
14.5956 15.7185 14.6579 14.3267 13.9324 16.898 13.7513 15.8137 16.9519 14.3575 15.5495 13.6441 16.5727 14.3016 15.0087 14.0746 13.7561 15.4956 15.246 14.5687 13.0165 14.9745 13.573 12.8832 15.9593 14.5092 14.0809 14.7168 13.7501 13.3889 15.3019 14.4226 16.4846 14.6397 14.0135 14.8409 14.5035 13.5627 12.9866 14.3926 14.0563 14.7544 15.8924 14.966 15.0343 13.3624 14.8437 14.6759 13.0833 15.4069 14.3609 14.8651 16.854 15.035 14.7111 16.2358 13.0542 15.8008 16.2345 13.0973 14.0452 17.2854 15.9647 15.8047
17.3154 16.9429 17.247 15.2727 16.227 18.1217 15.757 16.8088 17.6644 16.0268 17.631 14.4182 18.4711 15.5518 16.1708 15.5716 15.3022 16.9008 17.4625 16.0449 14.8302 15.5832 14.2164 14.9766 17.5097 15.2462 15.7872 14.9253 13.5642 14.7358 16.6398 15.9811 17.4106 18.308 16.3688 15.5938 17.1973 15.0446 14.2458 16.3455 15.398 16.8964 18.403 14.1081 16.9165 15.8687 16.2069 16.9958 15.2708 17.4254 16.6205 16.8688 17.6701 17.0293 14.4159 17.2062 14.5291 16.1894 16.8925 14.0738 15.3043 18.8152 18.0377 18.0221
15.6414 15.5939 16.7973 15.5615 16.1289 16.7856 14.9403 15.762 17.808 15.1188 16.7478 14.9813 15.3675 14.0906 15.4494 14.5783 14.3925 16.1469 16.6804 14.7679 13.1376 15.6526 13.5736 12.1458 17.0257 15.3711 15.5651 14.7234 15.499 13.7339 16.7915 17.5929 17.2125 15.6433 13.5143 15.5993 16.2642 14.2566 15.0812 14.4558 16.2381 16.485 17.2421 13.5487 15.5868 15.527 14.8008 15.0859 12.8177 15.9511 16.1269 17.134 16.3856 15.6902 14.2219 16.288 14.7107 14.9198 16.8044 15.0823 14.5156 17.1889 16.7179 16.3685
17.7607 17.7971 17.9623 16.5005 16.9089 18.0787 16.5029 18.4898 18.9435 17.1877 16.6903 16.6011 19.7974 15.652 17.5086 16.6595 14.9049 18.5655 17.037 17.6064 14.1953 15.5008 14.7603 14.6327 17.6503 16.5333 16.3167 16.2847 14.8771 15.8958 17.4958 17.5735 18.7098 15.9014 15.689 15.8905 18.3352 16.2793 16.5027 17.7804 17.3835 16.9915 19.2577 16.6304 17.4496 15.9434 16.0202 17.4282 14.1995 18.4394 18.0031 16.107 18.006 16.7658 14.8318 17.9115 15.785 16.7667 19.0525 14.9752 15.734 17.8167 18.9817 18.6419
13.2742 14.1568 14.5325 12.8945 13.8625 15.8987 12.914 15.192 15.2059 13.7008 13.153 14.4532 15.4573 12.5036 13.7685 12.8564 12.7486 14.9437 15.4105 14.1771 12.1596 13.7458 11.1947 12.2237 14.9749 14.0286 13.024 12.7335 12.6413 12.4886 15.1137 14.7723 14.5394 13.0567 13.0311 14.7018 13.9401 13.6262 11.2477 13.2494 13.4946 13.3952 15.367 13.456 14.13 12.9879 13.7267 13.5446 11.5358 14.5382 15.762 13.1938 14.3497 14.1814 12.8984 14.9102 14.5027 14.1574 15.9126 11.6592 13.0587 15.1646 14.0544 14.9745
15.0008 16.1356 15.9675 14.4943 16.6705 16.8118 13.4579 15.6254 16.7046 14.5416 15.7806 15.3608 17.404 14.9527 15.7084 15.3907 14.6867 16.2938 15.6039 14.4155 13.1102 15.5162 13.3153 14.549 16.3202 15.3697 15.0545 15.6377 14.1239 14.0452 16.2158 15.5755 17.1625 15.334 13.8424 14.7585 15.5741 13.9943 13.8922 13.8471 14.462 16.1555 16.7941 13.4532 14.6142 14.1895 14.7789 15.3997 13.2882 15.8127 17.2935 16.722 16.3919 15.2065 14.4391 15.4484 13.4052 14.8483 17.0117 14.6461 14.7001 17.5369 16.1406 15.7897
17.8602 16.2816 15.7222 16.5753 15.8482 18.3424 16.6097 17.6061 18.8111 15.7248 17.015 15.8174 19.1004 16.1945 17.3665 14.8767 14.9368 17.3036 17.1182 17.4211 14.6449 15.4981 14.5078 14.6957 17.9008 15.8513 15.0359 17.4537 14.4752 15.1008 17.1108 17.6804 17.1694 16.4215 15.495 15.8425 18.766 14.1985 14.7258 16.029 15.798 17.0137 18.8147 16.7448 17.128 15.0343 15.4109 16.0627 14.6347 16.7259 17.7359 16.533 16.4892 16.4706 15.8913 18.1067 15.2919 15.8566 19.0178 15.2649 14.5803 17.7427 17.6221 17.8085
15.2435 14.5111 14.3587 13.7123 14.4873 16.3409 14.6996 16.0054 16.6729 13.9034 15.5681 14.4144 17.0518 14.9981 16.3266 13.3836 14.2103 15.9744 15.1085 15.5291 13.4734 13.6758 13.8989 13.6791 15.5217 15.438 14.543 15.7321 15.1595 14.8057 13.6166 16.4177 15.8987 15.0361 14.8563 14.296 15.1329 14.034 14.4498 13.9473 15.4763 15.3989 17.6788 14.6151 14.8739 13.2167 14.2482 14.4501 13.5806 16.0624 15.6079 15.0827 15.4747 15.5686 13.6469 15.7251 13.9333 15.0881 17.8096 13.6623 14.0303 17.7099 15.0231 16.9895
16.9996 16.5218 17.6808 16.6634 17.3374 17.7143 15.2499 17.4635 18.4593 16.4732 17.2735 16.2792 17.5577 16.5559 16.602 15.998 14.2321 17.8471 17.6311 15.7014 13.8511 17.1329 15.1131 16.5121 18.7588 15.5203 16.397 16.826 14.6762 15.5097 16.5314 17.3115 18.0442 17.6524 14.8797 15.3662 16.5742 16.2562 15.566 16.4616 17.3002 16.4059 18.6295 15.6989 15.7823 15.2215 16.0844 16.0994 15.0304 17.2678 18.5946 15.9184 17.3268 16.014 14.6777 17.1608 15.7471 16.4959 18.5439 14.0256 14.6419 18.1918 16.8199 17.8654
16.9801 17.528 17.7391 17.5217 15.9406 19.6892 15.2935 17.3153 18.3023 16.8465 16.1917 14.904 18.3232 16.4946 16.7854 15.8262 15.3421 17.3097 16.4423 17.0377 14.7853 16.4957 13.5973 15.6989 17.58 14.9711 15.7913 15.2626 14.276 15.0729 17.7975 16.6997 16.7899 16.4603 16.5167 16.7011 17.0703 14.5213 13.7353 16.1034 16.6483 16.9325 18.0883 15.1784 16.7504 15.4185 14.982 17.0137 15.2486 16.9671 17.7822 15.7805 17.7898 16.8053 15.0451 18.9242 15.3447 17.3743 19.6573 14.7748 15.7176 18.9785 17.9059 17.5795
16.1274 15.3732 17.7528 14.6183 15.1372 17.4993 13.9434 15.9812 18.2934 15.0817 15.9061 14.5937 17.6989 14.8423 14.8882 15.6141 14.168 16.5241 16.0806 15.097 14.5912 15.7896 13.0281 14.1373 15.0374 16.97 14.9112 14.7064 14.3228 14.2401 16.6903 16.4906 16.8221 15.368 14.7731 15.0715 17.4073 14.6182 13.0502 15.3283 14.6258 16.0703 17.869 13.1865 15.1438 13.8569 15.258 15.6218 13.9273 16.2621 16.7387 15.0568 16.4257 16.4431 13.6074 17.7355 14.7621 15.4762 17.2561 13.6386 15.2072 17.6177 16.149 16.9493
16.7419 17.662 18.1566 15.4857 18.2792 18.8784 16.105 18.4316 18.3898 17.25 18.2177 17.2816 18.6617 15.4063 17.0071 14.8168 15.825 18.8472 19.3901 16.8174 14.7153 17.4043 14.451 14.585 18.0967 17.9254 15.0396 16.6351 15.7062 16.2569 19.0655 17.9634 17.1813 17.317 16.1327 18.0874 18.5014 16.0706 15.704 16.9351 15.8886 16.9706 18.5808 15.6148 17.9846 15.8491 17.1555 17.5269 14.4641 18.4139 18.5526 18.3325 17.1285 17.545 15.8794 18.8767 15.6918 16.0929 18.6173 14.7068 14.915 18.4918 18.1902 18.4787
16.006 16.9218 16.9067 16.1211 15.3544 17.8237 14.5041 16.2407 17.1257 15.1206 16.4745 14.6223 17.1532 15.5137 16.3499 14.1264 14.5201 17.5859 15.9149 15.0768 13.1866 16.1434 13.4326 13.8516 16.7911 14.7979 15.1728 15.2773 13.8988 15.229 17.0973 16.6181 16.6008 16.2286 16.6075 15.7525 16.9343 14.0053 14.1967 16.7213 15.6195 16.4144 17.4291 14.8871 16.4089 14.3133 15.3861 16.0173 13.2912 17.2235 15.8012 15.859 17.0174 15.1335 14.5685 18.2267 14.5851 16.6635 18.2451 13.2157 15.0717 18.4598 17.3596 17.2823
15.6798 15.8343 15.8673 14.5149 15.6504 16.8195 15.8788 17.2389 17.0425 15.6599 16.3585 14.3366 18.6115 13.7665 15.547 15.2908 15.2033 17.4881 16.2943 15.7552 14.0426 14.6926 14.157 14.3284 16.9365 15.8244 14.0025 15.7325 14.9182 14.2875 15.997 17.6172 16.6895 15.3473 14.8034 15.3081 17.985 13.9548 14.4103 14.1842 16.6239 16.4754 16.9067 15.0555 16.3106 14.176 15.2796 15.4538 14.1324 16.8946 16.0501 15.6824 16.0919 15.377 15.4537 17.245 15.4345 15.2096 16.7926 14.1833 15.0841 16.6859 18.2389 16.9923
15.6521 15.0592 15.5963 14.7657 15.365 16.3723 14.2142 15.409 17.1982 14.8365 15.7234 14.6163 15.6694 15.1189 15.7316 13.1449 14.2583 15.6291 15.3713 15.6779 13.1631 14.9445 12.6025 13.7468 16.3786 14.7561 14.8827 15.5315 12.9323 13.5823 16.9019 16.3268 16.8649 15.442 15.0733 15.455 15.7891 14.5568 13.7738 14.7826 15.0561 15.6595 16.4376 13.8433 13.9145 14.0849 14.4155 15.1275 12.7333 16.1739 16.7246 16.1126 15.1269 15.4373 13.2902 16.9811 15.0269 15.0699 17.6037 13.9496 14.523 16.8355 15.9723 16.2475
15.078 15.4175 16.0015 14.8957 15.3015 18.5388 15.9213 16.4543 17.9056 15.5397 16.0102 14.6714 18.2705 14.5198 16.0546 14.148 13.4758 17.4924 17.6131 15.4238 14.1798 14.1398 13.3305 14.2025 16.4961 15.5841 14.5417 14.938 14.5061 14.4529 16.8421 17.6985 16.6078 16.2497 14.2671 15.7734 16.5986 15.126 13.7076 14.8061 15.1655 15.4727 17.5111 14.4297 15.8929 15.099 15.713 14.8998 14.4046 16.8318 16.0719 16.2818 16.2608 16.2515 16.0589 16.6612 14.5196 14.4785 16.5822 13.8112 15.3587 17.9906 16.1219 17.1992
16.4237 16.1799 17.4312 17.0472 17.4826 19.1592 15.4326 18.3638 18.0519 17.1111 16.7062 16.3643 19.2422 16.5616 16.6994 16.7166 16.1064 18.6537 17.4743 17.4544 14.1863 17.9264 14.3594 15.4576 17.4706 15.9471 16.5954 17.2831 15.4925 15.1811 16.4882 18.6352 18.259 17.9015 15.979 16.4164 17.2511 15.1011 15.6879 15.3088 18.4649 17.7963 17.9427 15.3143 15.7509 15.7688 16.8692 15.6517 15.0726 16.7739 19.0202 16.7548 18.4253 15.1642 16.2584 18.1109 16.1434 16.7201 18.5323 15.9848 15.9869 18.5918 18.3618 18.1257
16.8296 17.7508 17.792 15.7472 16.4858 18.7054 14.8466 17.4819 18.5866 16.8107 17.2535 15.7381 18.7139 15.9588 17.1642 15.8143 16.9201 18.3061 15.9907 18.1125 15.5157 16.5782 14.1579 14.9228 16.516 17.1106 15.5464 15.3433 15.3605 15.4732 16.943 16.3167 18.9154 17.0506 16.0946 16.8118 16.5855 15.5952 14.2857 16.1801 15.6219 16.8967 17.6767 15.5394 16.6722 14.7519 15.7006 17.9396 14.4673 16.8593 17.6291 16.2356 17.3119 16.7481 12.7049 17.0377 15.9108 15.5293 18.6234 15.1578 15.9324 17.5844 16.0403 17.302
16.3155 16.3839 17.2329 15.8538 15.4568 18.2265 13.9936 17.7078 17.2979 14.9691 15.7638 14.7291 18.6737 14.9798 16.2815 16.3726 14.6043 18.5258 16.8179 16.3576 15.3647 15.0854 13.4181 15.7835 16.0051 15.6202 14.4451 15.7118 13.9796 14.4314 16.9305 17.3484 15.6497 15.9218 15.4672 15.581 16.7864 15.424 14.3046 15.0712 16.1084 15.6832 16.8924 16.1977 16.3346 15.496 16.7895 15.6893 14.2461 16.7658 17.7515 14.8102 15.4858 15.3292 15.1663 17.0891 14.9017 13.9746 17.6798 14.2803 14.6908 17.9896 15.9538 16.1173
17.1843 16.809 16.8385 15.4765 16.6941 18.7997 17.7779 17.9558 19.2338 17.7114 15.5337 15.0833 19.9289 15.5228 15.9792 15.3014 14.8062 17.6505 17.1613 16.972 14.6913 16.3491 13.4031 15.6017 17.9329 15.6571 16.2002 15.6763 15.0522 16.0774 16.3202 17.8702 18.6542 16.9052 15.59 16.1016 17.4144 15.5238 14.9615 15.0731 17.1048 16.0657 18.4028 15.0337 16.3027 15.2335 15.7023 17.3674 15.7161 17.805 18.0828 15.2205 17.2923 15.6133 15.2118 17.4985 15.3401 16.2761 17.8294 14.0657 16.655 19.2632 18.1867 18.076
15.5905 16.0161 16.4804 14.5293 15.61 17.6783 14.8093 16.0505 16.6647 15.8284 15.3597 15.5679 16.8413 14.7009 15.6896 13.2892 14.9797 16.9693 16.2808 15.4225 13.6647 15.9751 13.1384 13.0502 16.4926 15.4877 14.6241 14.6724 14.7428 14.2846 17.5657 15.9427 16.5855 15.9017 14.4553 15.5903 15.9844 14.6765 13.9119 15.9821 15.9069 15.5056 16.2642 13.8602 15.76 14.339 14.6869 15.5507 13.8018 16.3335 16.9331 16.7773 16.5036 15.5784 14.8352 16.415 14.7813 15.3468 17.2438 13.4428 14.3649 17.6147 16.9983 16.4887
15.0732 15.5345 15.7221 14.9544 13.7246 15.9336 13.4091 15.8962 16.7938 15.0533 15.7435 14.8346 15.244 14.8281 15.0042 14.1425 12.487 15.767 15.3726 14.0331 13.5644 15.5096 12.5664 13.7457 15.6868 13.963 14.3654 15.7282 13.3613 12.9554 16.3803 15.7363 15.974 15.8473 13.3182 14.5502 15.5479 13.0338 13.9188 14.3729 15.4632 15.2371 15.8742 14.4577 13.8862 15.0184 14.233 13.588 12.9855 14.711 15.4104 16.4274 15.9266 14.9403 14.6978 15.931 14.1052 14.3934 15.8624 14.5715 13.0677 15.9426 14.1442 14.8649
16.1372 15.9381 16.6721 14.8874 15.9332 17.3612 15.0747 15.5812 17.8081 17.0365 16.1963 15.1255 17.8025 16.9382 16.1639 14.3885 15.302 16.9076 16.0549 17.2059 14.8204 15.5182 13.6807 14.0685 17.2432 16.1385 16.5754 14.9034 15.2538 15.5646 16.8807 16.7695 17.9261 16.6786 14.9358 15.5498 17.0222 15.2756 14.6996 15.5217 16.9567 16.1178 18.4167 14.7343 15.4388 14.8091 14.4886 16.6106 14.7638 16.4971 17.8262 17.6427 17.0775 16.0273 14.4444 17.9883 15.4655 15.9236 18.7584 15.0928 15.7924 18.011 17.0354 18.1607
14.2435 13.4325 14.0359 13.6396 14.2976 15.2263 11.0106 15.1441 14.1341 12.8627 12.3045 12.1017 16.3035 12.3243 13.1559 13.7951 11.1327 13.7518 12.8424 12.846 12.051 12.3388 10.5878 13.1977 13.2685 12.3117 11.8423 13.4153 11.556 11.5046 13.6051 13.7542 13.4688 11.9162 12.7104 12.4287 13.9417 12.3259 11.0864 12.2895 13.0631 13.663 14.0474 12.8695 13.5753 12.4123 12.7988 12.6169 12.2524 14.9041 14.3407 11.35 13.9256 13.7479 13.315 14.4909 11.9991 13.3705 15.265 12.1233 12.5179 14.9101 13.9758 13.3621
13.8289 15.7003 14.9828 14.7954 14.5828 16.2325 14.2338 15.7703 16.4169 14.3296 14.5731 15.5881 17.9053 13.3234 15.0827 14.7751 14.4795 16.0324 15.227 14.1004 11.668 14.1047 11.666 13.22 15.2656 14.9717 12.5611 13.6441 13.8085 13.3633 14.462 15.2576 15.5175 15.0408 13.8242 13.9173 15.5191 12.931 13.5065 14.4034 14.3255 14.3169 15.4589 13.2109 15.1079 13.1425 14.1029 14.3046 11.8825 14.5533 16.2097 14.497 14.9924 14.5893 13.4857 14.5546 13.2502 12.9318 16.0392 13.4233 13.6857 15.4766 15.5891 15.4407
15.5215 16.7949 16.6424 16.2168 16.3209 18.1537 15.8607 16.4886 18.0376 15.6161 17.0249 15.6325 18.7615 14.9282 16.8368 15.3054 14.688 17.7038 18.5935 16.0677 12.9871 14.9233 14.2081 14.0995 17.5822 16.8889 15.4585 14.8394 15.4024 13.7018 16.1973 18.5769 16.7288 17.7146 15.2678 16.3491 15.4997 14.942 14.4686 13.8783 16.8251 16.4171 18.0287 14.801 16.4772 15.528 15.8475 15.9875 13.7497 16.2909 17.154 17.3717 17.2146 16.4962 15.3579 16.8078 15.2981 15.4671 17.2075 14.0951 15.1312 18.7501 16.302 17.6356
16.7109 17.5366 16.5271 15.3213 16.4015 18.0749 13.8257 17.5905 17.1395 14.0916 16.3567 16.0646 18.4115 15.4139 16.2829 15.7252 15.185 16.9269 16.4694 16.1043 14.2488 15.9513 12.8072 13.7875 16.8727 15.9262 14.9437 15.3953 14.9079 14.9781 17.1917 16.5216 17.8706 16.3947 15.2299 16.2955 17.1888 14.1147 14.3677 15.0993 15.5728 16.0341 18.3481 16.1483 16.5188 15.1099 15.9328 15.2736 13.896 17.1866 17.3197 16.3887 17.6365 17.1365 14.5304 16.902 13.8463 16.3328 17.0498 15.0335 15.0905 18.8278 17.2687 16.6312
14.2992 14.3157 15.0524 14.1364 14.7189 17.4119 14.3565 13.9925 16.8126 15.7889 15.2917 13.6632 17.6077 13.5438 15.0437 13.9409 13.9069 15.7918 15.5489 16.1465 13.8299 14.7193 12.5213 14.0743 16.2467 15.5062 13.6634 13.6296 13.0679 12.1101 15.8529 15.6203 16.7053 15.718 13.8094 14.3519 15.4139 13.1112 12.7535 13.805 15.8009 15.1028 16.5382 13.3799 14.7363 14.1532 13.2601 14.5732 13.3472 15.4446 15.9439 14.8562 14.9351 15.4643 13.6972 16.9909 14.7095 15.148 14.9231 12.5469 14.1064 17.045 15.7656 16.5876
16.5933 16.7561 16.7467 16.5965 14.9767 19.4864 14.9409 15.9873 17.7841 16.5494 16.6617 15.3839 19.4903 15.0183 15.4161 16.5758 14.9789 18.5449 16.2441 16.8726 14.2246 15.5763 14.7942 15.5145 17.5036 15.6509 14.2477 16.6127 14.1271 15.2671 16.6023 16.3505 16.7352 16.3182 14.3432 13.5283 16.5458 14.2115 14.966 15.7182 15.9011 16.0177 16.9155 15.6667 17.069 14.9336 15.3041 15.379 14.4998 17.0234 15.8656 15.595 16.0092 16.3735 15.7396 17.0758 14.1592 15.1275 17.185 14.081 15.0425 18.1627 17.0156 17.2978
14.1658 14.5203 15.3216 16.0312 14.5563 16.9844 14.1664 15.3699 16.5716 14.0427 14.8401 13.4655 17.7211 14.8994 15.5039 13.0719 13.6354 15.8342 15.4491 14.3739 14.3369 14.4719 11.7616 13.9202 14.566 14.794 13.5292 14.3493 14.3519 12.7703 16.743 17.0133 14.9688 15.2833 15.0196 15.8846 16.4525 13.4439 13.2869 13.5467 16.009 15.516 17.2007 13.0676 14.1437 14.9165 14.3424 14.2897 15.273 16.2916 15.9435 15.2357 15.1159 14.3051 15.4465 16.8751 14.3749 14.8084 16.7836 13.7641 14.409 17.3154 15.6874 15.4749
17.0564 19.1939 19.1538 15.9865 16.4332 19.1074 16.3492 17.9933 19.6835 17.9723 17.3818 16.4113 19.0508 16.5644 18.1594 16.6804 15.9998 20.4626 17.6078 16.8416 15.7241 17.487 15.0744 14.6789 18.5896 16.6679 17.3284 15.9414 16.4343 16.4467 18.2151 17.8404 17.8155 18.5484 18.5179 16.4332 18.1247 15.8692 16.7372 17.7854 18.0129 17.4214 19.9169 15.6611 17.6454 16.6187 16.7858 18.0805 16.2379 17.9307 18.4072 17.5855 18.936 17.6138 15.0288 19.4286 16.8209 18.3662 18.8428 14.6587 17.5649 20.0923 19.3118 18.9135
14.4259 15.1409 14.776 15.114 14.3172 16.627 13.9787 15.5619 15.6772 14.0006 14.5946 14.7042 16.963 14.0973 14.7986 14.4673 12.9424 16.1129 14.7882 14.6757 13.3132 14.6282 13.2854 14.1998 15.1939 14.6541 13.2941 14.5386 13.5032 13.5818 16.01 14.2153 15.0558 14.1951 13.1325 13.8317 15.8328 13.8052 12.8452 14.6807 16.2214 15.3634 15.5811 13.7021 15.9452 13.227 14.3249 13.7966 12.6519 14.5283 16.8224 13.8544 15.365 15.1853 14.4746 14.7742 13.722 14.7981 16.4786 13.4024 13.5985 15.959 15.8196 16.5271
15.6649 14.9777 17.3029 15.1131 15.0176 17.8486 14.9286 15.7038 17.9399 16.0178 15.0318 13.9185 16.8522 15.3587 15.862 14.2297 14.1975 16.3185 14.7493 15.2829 14.0572 15.2339 13.3221 13.89 15.4213 16.2753 15.2569 14.9547 14.6838 14.342 15.9569 16.8371 16.5162 14.7371 14.3273 15.1887 15.8873 14.4379 13.4593 15.0002 15.2209 15.8976 17.4588 13.9554 15.2343 14.2646 14.3903 15.7079 13.8961 15.9072 16.6217 14.806 16.0304 15.1452 13.3412 17.3821 14.2191 14.6362 17.4191 14.5844 14.8714 17.0426 15.5685 16.8281
14.7009 13.3742 16.4442 16.0221 15.0919 16.6136 13.4048 16.4155 17.7947 14.9471 15.4464 14.7234 16.2261 16.1859 15.2868 14.216 13.6469 15.6949 14.9216 15.4963 12.8929 14.7176 11.7343 13.832 15.5634 15.1192 14.8598 15.0763 13.6154 13.3045 16.1624 16.3142 15.5322 15.2686 15.074 15.3421 15.3285 14.0672 13.5649 15.1906 15.4595 15.6572 16.7332 14.0119 15.1638 13.3942 15.4668 14.7379 13.3778 14.7007 15.5022 14.9183 15.1696 15.3576 13.4043 17.2471 14.8531 14.4106 17.7432 13.8059 14.8516 16.9609 15.6438 16.8103
17.1025 18.4327 18.0896 17.7425 15.2798 19.4308 16.7724 17.7137 19.6751 16.4654 17.3453 17.1419 20.734 15.6152 18.885 17.9595 16.3726 18.9766 19.1765 17.0099 17.325 17.1028 14.921 15.9452 17.9371 18.3143 16.8111 16.7771 16.2149 15.2665 19.4857 18.706 18.392 18.339 16.9966 17.5972 19.0238 15.6642 15.2797 17.73 18.9735 17.4593 20.7164 17.9132 17.428 18.1544 16.9434 17.4676 15.888 18.6803 19.2166 16.8236 18.6815 17.8022 17.4661 19.2781 17.1624 18.4658 19.243 15.1191 15.6174 19.9347 17.6846 18.2503
16.0109 17.1737 17.9554 16.6431 16.0978 19.4625 16.5537 17.1287 20.0777 18.5623 16.9298 14.2492 19.2011 15.9217 17.1958 15.5337 15.9263 18.2964 17.4459 15.9338 15.2604 16.4216 14.8595 15.9253 18.1057 15.6411 16.0706 16.456 15.9524 15.6007 17.8604 17.4804 18.9294 17.5365 16.0516 16.5702 18.5259 15.2687 14.4834 16.024 16.1717 17.2365 18.2453 15.6151 16.6058 16.1726 16.7076 16.9289 16.9523 16.7598 16.7924 16.9282 17.9356 17.3792 15.2522 19.1726 15.1763 17.5452 17.3618 15.4082 16.2618 20.51 18.5076 18.0644
16.0651 16.2395 16.6993 15.0678 15.8184 15.7639 14.5137 16.6078 17.9114 15.2225 16.1548 15.3995 17.3525 16.5327 15.9997 15.1967 15.1357 15.6554 16.0949 16.4073 14.3269 15.1585 12.6997 13.6769 15.9949 15.3259 15.553 14.3427 14.5153 14.8227 15.9313 16.3014 17.6417 16.1834 14.1616 15.4781 16.6384 14.3401 13.6978 15.3775 16.2887 16.0403 17.339 16.4572 15.9009 14.5556 15.2332 16.1302 13.8233 15.8266 17.3078 16.7076 16.6844 15.9047 13.6111 16.7525 15.0598 15.4557 18.0672 14.4238 15.3931 16.653 17.1906 17.1624
18.4753 19.1564 19.9513 17.1606 18.9781 21.2167 16.4609 19.9531 20.1369 19.4916 20.2757 18.9731 20.7033 18.4603 19.3955 18.384 17.2398 21.2445 20.2217 18.9697 17.2364 18.6239 17.2189 16.0465 19.0844 19.2556 17.7408 18.341 16.9922 17.4741 21.5317 19.2713 19.7452 19.3458 17.9813 19.187 19.7796 18.2326 17.7565 19.7002 19.3402 18.0234 20.1094 17.1803 18.6348 18.781 19.0559 17.8905 17.155 20.7646 20.4211 19.4384 20.4299 18.7549 18.4371 20.8575 18.1379 19.3293 20.9068 16.6364 17.3906 21.8854 19.258 20.1491
16.9036 17.2311 17.8142 15.9988 18.1966 19.4783 16.1346 18.6668 19.5873 17.559 17.8272 16.4317 19.2498 17.1928 16.7607 16.5282 15.0346 19.7933 18.2061 16.8495 15.2068 16.7732 15.5707 16.1415 18.0195 16.8693 17.1257 16.9438 15.6677 16.2603 17.2019 18.3864 17.8528 17.9445 16.6449 16.3482 17.6644 16.6298 15.6402 15.8963 17.382 17.8138 18.7656 15.1687 17.2358 14.5932 16.7678 17.2538 15.4175 17.398 19.1472 17.3129 18.2188 17.2335 15.5659 18.6363 16.4047 17.2003 18.6896 14.8924 17.2356 18.6094 17.606 20.2966
15.894 14.9544 15.1502 14.5095 14.7561 16.2936 14.4486 15.2009 15.9331 15.9151 15.7533 13.3339 17.5933 14.5002 13.3452 13.6713 13.6168 15.3039 15.8528 15.5657 13.8092 14.1369 13.426 14.8476 16.3195 14.6824 13.7068 14.328 12.4929 12.2876 14.7935 15.2056 15.7598 14.8236 13.4689 14.2305 16.0681 13.1179 13.2459 13.5294 15.3502 15.7882 16.8732 13.6278 15.1271 15.0562 14.1037 15.4042 13.1104 16.0067 15.4766 13.4907 14.6941 14.003 14.2761 15.7653 14.2643 14.18 15.3586 14.2065 13.0627 16.0668 14.6091 16.2344
15.4052 15.1475 15.1049 14.3052 15.3935 16.3572 13.3472 16.2169 16.65 14.2155 15.253 14.7948 17.4881 14.9319 14.4832 14.6069 14.0332 16.4142 15.1155 16.1745 13.42 13.4821 13.096 13.2557 15.3802 15.5046 13.3176 14.6406 14.1221 14.0964 15.0028 15.0036 15.3715 14.8285 13.1417 13.5169 15.0765 14.6489 13.8541 13.8681 14.3546 13.833 16.2383 13.9396 14.9826 13.8894 14.88 14.3591 13.2329 16.0659 15.4373 16.7231 15.531 14.7083 13.8513 15.4581 14.7025 13.6366 16.9519 13.616 15.2092 17.2756 15.3854 15.4229
15.8394 15.3811 14.9215 15.5987 15.1417 16.7634 13.5489 16.5362 16.275 14.6982 16.4542 14.0283 16.6492 14.9779 15.0842 14.074 15.5546 15.36 14.7041 15.2673 12.4374 14.6407 12.5944 13.3551 16.6636 13.9734 14.7827 14.4238 13.4587 14.3066 14.4478 15.2827 16.5808 14.6063 14.2188 14.2643 15.5994 12.5004 13.1323 13.4266 13.9084 15.1217 17.1026 13.9362 16.0508 12.4049 14.4346 15.5992 12.3425 14.1323 14.7197 14.3601 15.9643 14.7085 13.5875 17.0748 14.2004 14.7936 16.8933 13.9153 14.459 17.9582 15.3408 15.4738
16.3813 17.3076 16.5431 14.5699 15.7191 18.5589 15.6078 17.2724 17.8768 16.4097 16.2731 15.9227 19.7033 15.4623 15.7346 15.8567 15.2085 18.0008 16.6597 17.342 13.9993 15.4393 14.7103 14.7254 17.2273 16.4354 15.5613 15.5226 13.9349 14.2052 17.4517 16.4392 17.2229 16.6534 15.6368 16.4609 16.6123 15.5226 14.6057 16.2705 16.3898 16.0257 17.8871 15.6591 17.9066 15.0136 16.7348 17.6754 14.609 17.8682 17.5839 16.0455 17.5321 16.6239 15.1817 16.7432 14.9959 16.3389 17.2859 12.8626 15.3806 18.1947 19.0024 17.8993
13.8113 13.7781 13.8703 13.5859 13.47 14.5685 13.2843 15.8563 15.0248 13.7917 13.7267 13.0884 16.174 13.5973 14.011 13.5157 12.7077 15.3486 13.8306 13.1263 10.9652 12.9505 12.4496 11.4536 14.8537 13.2617 13.8144 12.998 12.9923 12.5322 13.3702 14.4605 14.0078 14.1016 13.6729 13.0288 15.3678 12.7869 13.1204 13.6067 13.883 13.9154 15.0454 13.2137 14.3572 11.0827 13.8182 14.2267 11.3452 14.2411 13.6317 13.0288 14.4172 12.5987 13.5428 15.4423 13.0305 12.777 15.5661 12.0182 13.014 14.5527 15.4187 15.4945
