0
64
64
3.3384 2.3127 1.2188 -0.7326 -5.0701 -3.5659 -0.0943 0.1071 -0.9314 1.6442 -1.4234 -2.1414 -1.0369 0.3550 -4.4317 -4.0474 -0.5717 3.3786 -5.7033 -0.8115 2.7648 -1.4684 2.1574 -1.4665 2.3151 0.2138 -1.0576 -1.2472 -3.6970 0.9623 1.0059 -1.8479 0.2682 0.2059 -2.6502 -2.4832 -0.9878 0.3348 -0.5235 0.4627 -0.3043 -3.3178 -1.6018 0.7960 1.9770 5.3970 3.6414 2.8483 1.8437 -3.4759 0.6176 0.3108 -3.4950 2.0697 3.1818 -0.6878 1.6410 -0.6710 -2.0087 -3.0213 0.3290 1.8384 5.1311 1.8424
-2.2867 0.5750 -2.2364 4.4220 -1.6940 -0.3484 1.8425 0.4706 4.2273 3.8762 -0.8026 5.2878 3.0177 3.9373 1.8551 -3.6167 3.9265 1.6857 -0.2294 3.7698 0.0188 -2.0129 -4.0096 1.4416 1.4967 -4.7096 0.7258 1.9113 1.1964 -0.6378 1.8030 1.8596 0.4838 -2.3700 -6.6934 -2.7668 2.7988 -1.6436 -3.6442 0.2876 -2.1121 0.8790 1.1753 0.0533 3.2822 2.4114 2.4414 -2.5851 0.0884 -3.6577 3.6497 2.5397 -2.7568 -2.5546 -1.8239 -0.6721 -2.6588 -1.9908 0.0530 -0.4217 1.9586 -2.9727 3.2729 1.9996
-1.9932 1.2475 -3.1961 3.6826 2.2456 3.1088 -0.8379 0.9482 -2.4192 2.2793 -1.0443 1.6142 1.9473 -2.7440 1.0116 1.4640 -5.1215 -2.1135 0.2075 0.6483 -1.9331 0.8176 -1.9628 2.4921 3.4487 -2.1032 1.9857 0.1285 2.8541 -0.2673 3.0658 -0.9101 -2.2449 3.1587 -3.0587 0.0692 0.2506 0.6717 4.5182 3.9997 -2.1563 1.1543 -0.5921 2.5945 -1.7445 3.8986 -1.9502 -0.6290 -0.0346 1.5701 0.2074 0.2283 -0.5597 -6.2586 -2.8452 0.7860 -1.1675 -2.4403 2.3571 -2.0230 -2.8576 -3.2203 1.5672 1.3033
-2.6347 3.2787 -1.0021 4.2896 2.0772 0.0735 -4.4876 1.8094 0.8073 2.5865 -3.2319 3.8469 -1.3246 -0.2172 2.2121 1.6908 2.0898 -0.4545 -5.9516 -0.5816 5.2536 -2.6857 -0.8967 -6.6217 -0.9475 -3.1386 5.7815 2.3091 4.9536 -2.4084 -1.8060 -0.0384 -0.2797 1.4846 -3.2158 2.2579 -0.3682 -1.7296 0.0230 -1.5062 1.4604 -2.6334 -0.3338 2.2327 2.8055 -0.4107 4.6002 -2.9561 4.9777 -3.6771 -1.3887 3.3658 1.0194 3.0388 -0.6700 -0.4914 -2.4476 -2.9233 0.2818 2.4641 1.2718 1.0751 -4.3844 -1.1866
0.7657 2.0789 -4.0933 3.1364 -5.7001 -5.6986 -1.9367 4.2280 1.8797 2.4315 -5.9314 -1.7054 -4.2192 2.1610 -0.0226 -3.2764 4.0511 2.7877 -3.8781 0.0115 -0.8382 -2.3476 6.4158 1.2137 -2.3311 -0.0869 1.5222 -1.7620 -5.2891 -1.9063 1.2900 0.1983 4.1677 0.6213 -0.1052 3.5974 5.9799 -1.0730 0.3512 2.6137 -1.7365 4.0884 -4.5362 0.8300 2.7679 1.7203 0.9139 -1.4042 -4.3424 -0.2370 2.8553 0.6283 1.2917 5.1178 2.8510 -1.9690 -0.0481 -6.6369 -4.0707 3.4751 3.0776 -5.1646 -4.5237 2.1019
3.6660 1.3960 -3.6525 3.8204 -3.4213 1.1505 2.5638 0.6168 4.8414 -1.4830 -1.4971 -0.9382 -1.5602 4.1704 -4.3589 -2.3176 -1.4623 -2.7629 -3.1430 0.8658 -2.9948 -3.1751 1.2851 2.3734 2.6604 2.5514 2.4845 -1.5137 -2.0705 -0.1996 4.8533 1.0633 1.7545 1.8257 -1.9938 6.4177 0.8998 0.2272 0.1207 5.6859 -3.2608 -0.3357 -0.5474 -3.3852 -0.2026 -0.5481 0.2263 3.0114 -3.2102 -0.1218 -1.4322 4.5995 -1.7919 1.6015 -5.1826 -1.9091 -1.5527 -3.5092 5.4902 -0.8201 -0.7035 1.5980 -4.7273 -0.7442
2.1285 1.0952 0.5311 -1.2577 -3.0302 -2.2043 -0.5984 -4.2434 -1.0965 -1.9189 -2.2841 -4.9972 -2.5606 -3.1109 0.5021 1.1261 -0.6321 4.5072 0.3788 3.1670 0.9445 0.2898 0.9663 -3.3243 -1.7568 1.0753 3.2026 0.8350 -7.1383 0.5895 1.0641 -0.4644 3.0742 1.8130 1.5042 3.9542 -2.2684 3.6146 1.7170 -0.3106 -1.6653 -1.4833 0.3915 -3.5990 3.0325 0.6288 -0.1424 2.1073 0.0709 2.1980 4.1364 2.2960 1.8986 -3.1913 -1.4070 -6.6013 -5.1045 -3.2967 3.2032 1.2838 0.8358 3.1253 1.5250 -0.0950
-0.2134 1.7152 0.8937 -0.4830 2.9035 -0.1351 0.4034 -0.1373 2.4294 0.1910 -3.5194 3.6511 -1.0001 -3.4334 -2.4392 1.8444 -6.2637 2.6018 1.2279 -1.6001 -5.1331 -0.6638 -5.5681 2.4090 1.8767 -0.2435 0.1058 -0.1346 -0.8446 0.5236 -0.7572 3.0396 -0.3390 1.0997 -2.5042 2.3453 -3.6685 1.0414 2.1038 3.5999 -4.0011 4.4733 1.7973 -0.9655 -1.0292 -1.5903 -4.0439 2.8423 -5.2878 -0.9724 -7.5208 -0.1682 1.0496 -1.6668 0.6794 0.4463 2.4241 0.6730 -0.5007 4.2897 -0.8998 -3.5860 2.0230 -0.0906
-1.3467 -2.5190 -1.0238 -3.1840 1.1686 -1.0075 -0.5628 0.8533 1.9765 -6.0163 -0.0927 -2.2717 0.3660 0.1919 -1.5815 -4.0161 2.1043 6.4613 -4.0902 -3.3826 2.7983 -5.1933 3.2982 1.8989 -5.2799 -2.0729 -3.7762 -0.7709 0.6445 3.3700 3.0834 1.5791 6.4492 -3.6222 0.2030 0.2855 0.3349 0.5662 0.0503 -0.9201 1.6052 2.4617 -4.7871 3.4127 -4.0570 -1.9588 -0.1665 2.9419 -0.2052 -4.4724 -5.8997 -3.0389 -0.8718 3.9475 -2.8097 -0.3971 2.0945 -0.4154 -4.3037 2.9437 2.2846 -2.2464 2.7513 2.7760
3.1846 0.2700 2.4011 -2.7416 -1.0442 0.9557 -0.7422 0.2306 -2.4337 1.0337 -3.7206 -1.2994 -2.0607 -1.9075 2.1053 -3.4836 -0.9318 -2.4095 3.7160 3.3393 -2.2883 -1.7427 -3.1522 5.0371 -0.8935 7.5386 -3.8919 -1.0237 -2.2993 0.1593 -0.5370 -0.1265 -3.9444 2.8719 -2.4249 -3.8650 -0.1056 -3.1339 5.5365 1.8934 -0.7181 -1.0608 1.1730 -2.7482 -1.4143 1.5660 1.2078 1.0837 1.6358 -0.9076 -0.6743 0.4795 -3.1085 0.9170 2.3587 1.0435 3.0997 -0.0801 -3.8303 -3.2373 -2.3255 1.1612 0.1424 -2.8319
-4.0928 2.5078 0.2671 -0.1827 -0.4721 -1.3002 -0.8372 -3.0052 -0.8066 0.3265 1.7692 0.9155 -2.5715 -0.4336 0.9160 0.4712 -0.1636 3.9792 -4.0247 2.6310 -1.3594 1.2944 0.0611 -2.3350 -0.0475 -6.8472 2.3130 5.8533 -4.2079 0.0506 -2.1324 0.8054 1.0860 -4.8761 2.7057 1.2058 3.3492 0.3449 -3.5626 -4.4798 1.0878 -0.3194 -3.0325 -1.4665 2.5648 5.7180 -1.7183 -3.9574 -1.0962 -1.7261 2.5812 1.6643 -0.2482 2.5959 1.2717 -2.5763 -2.6163 2.5205 3.3591 -2.9652 -3.4070 -3.2513 3.5977 3.1936
-2.8660 1.7224 0.9865 -2.9437 -0.2474 0.5840 -0.4478 -2.0515 0.5039 -1.5318 -1.0041 0.3313 -3.7592 1.9938 -1.1380 -1.2993 -3.7222 1.0089 1.5178 -1.3349 -1.7853 0.7881 -3.5187 -4.3933 2.7421 0.0388 4.2692 0.6417 -2.5265 2.8808 -0.6425 -1.3769 0.3627 -4.7619 -2.9835 -0.8651 -1.6531 0.9486 1.6651 0.8079 -0.7580 -1.7241 -0.1185 -1.4905 -1.2217 1.4368 -3.5599 -1.5324 0.6017 -4.3439 -4.1053 -1.2197 -0.8082 -0.4015 -1.1272 2.2278 1.4577 6.5103 4.7112 0.2378 -2.5020 -1.6701 3.3940 0.2397
6.1677 -0.9070 2.2919 0.6027 0.2006 3.1958 -1.9846 -2.0263 1.5774 -1.5615 0.1671 -4.9957 -1.5791 3.0348 1.3564 2.8175 -2.7572 -1.6266 2.2125 2.5162 0.7502 -1.4853 -1.0215 -0.6372 -5.9302 3.1789 3.2094 -2.9612 0.9123 0.1247 1.0124 -0.6601 2.0774 0.5534 -2.4890 -1.3085 1.0591 0.7932 2.3195 3.1386 5.1752 -5.3747 3.7559 0.9855 -1.3261 -2.9467 4.7313 -0.6802 1.3556 -1.1456 1.8426 -1.9522 -1.8441 -2.0158 -3.9673 -1.1655 -2.1760 -2.6079 -2.6427 -1.7532 -2.5555 -0.1930 3.1151 -5.7113
-1.0664 3.1369 -1.4368 0.7404 -4.5565 -2.5006 -0.8982 0.1964 0.0187 2.4761 -1.1091 3.5510 -1.3248 -1.9324 -4.8817 -0.7452 0.6830 0.6165 4.4447 3.0481 -3.6934 -2.0892 -2.8271 0.5544 3.8916 2.4661 2.5734 -1.1217 -0.9003 1.3906 -0.1125 2.8964 -0.4535 1.7807 2.7872 0.8998 -0.6536 3.8953 0.0634 -1.8923 -0.5438 0.1313 -2.9999 0.1118 4.8299 3.3986 0.8444 -0.1295 2.3250 -1.2302 -2.5998 -1.5159 -1.8344 1.4873 -1.2979 -0.5934 7.0690 5.4349 -2.0897 2.3593 0.3039 -1.7036 3.9889 -3.6414
6.0200 0.7550 0.3058 0.8619 -5.1080 0.0393 3.9136 -3.2647 -0.0048 -0.7811 0.3733 1.3742 1.1994 -0.4686 -3.9696 -2.0075 -0.2776 -0.5573 0.6497 1.4372 0.2768 -2.8521 0.6247 0.4284 3.0288 3.4853 -1.0068 -0.0334 1.5727 1.4514 -1.3098 0.7128 -0.3898 2.5850 2.7192 -0.2512 0.9417 2.6601 1.8309 2.8919 -4.3033 3.0463 4.0966 1.6845 -0.6941 3.3852 -5.7724 -0.4776 4.4416 -0.2946 0.1640 0.3341 1.1644 -1.5170 3.4819 -0.9252 3.0592 0.4554 -3.9434 2.5733 0.1518 -4.9422 4.2360 1.3540
-3.0248 2.3872 -5.0320 -0.1313 0.0176 -0.6797 -1.6532 0.1229 0.9153 -1.1783 -0.0367 1.5339 1.3329 0.0111 3.1620 -3.1828 1.9940 5.0342 1.8001 3.1201 -0.3141 3.0834 -0.6656 -4.2373 -3.1908 6.1542 0.2272 2.1297 1.9254 1.0635 4.0379 1.9135 0.9720 -2.1780 -1.2552 -0.8942 -1.3632 3.2978 3.4600 -0.1622 -0.2564 -0.1200 1.0733 0.6112 0.8715 1.0445 1.6570 0.9302 3.0713 -5.3508 0.2258 0.9838 -6.7635 -0.2305 0.8644 -0.0924 1.9019 -0.9834 0.5972 7.0565 0.4046 -1.3634 0.2190 3.6033
-2.3547 3.7995 -4.1318 -0.1995 -0.8068 -0.3122 -3.8588 3.6426 0.3732 1.2335 0.1769 2.6872 5.0988 3.8521 -0.6377 -3.1442 2.1806 5.1563 -2.5976 2.0379 -1.7407 2.0674 -4.0631 -1.2090 3.4961 3.2715 -1.9262 1.3412 3.2773 0.1043 2.2174 -1.4027 0.1981 2.3988 -2.8817 1.5036 -2.8124 -0.9531 2.6946 1.4866 -0.9134 -0.1842 2.2746 -1.6534 -1.6022 -2.9519 -1.6869 -2.8648 2.1908 -3.9792 0.3514 1.9718 -2.7644 -0.2315 -0.4499 2.3541 -0.1644 0.5876 2.3508 -0.6084 -2.2274 -3.0994 -0.5700 6.4916
2.5762 3.5744 3.9016 -2.1726 1.4196 1.1771 2.6082 -3.1656 -0.0209 1.0324 0.2229 5.6327 3.4490 -4.7719 -3.6664 5.4871 -2.0443 2.6879 -1.3216 -1.2835 1.6244 -3.8079 -1.9594 -2.7376 6.6285 0.1174 0.6829 0.2302 -2.1393 3.8823 1.5650 1.6973 3.5809 0.1938 0.8197 1.0387 -2.8471 1.4256 3.3215 1.6329 -1.6603 0.2146 1.7894 1.4862 2.4200 0.8441 -1.3638 -1.3364 2.9358 3.9016 -2.3213 -3.2351 5.8932 -1.1122 -1.1391 -1.0045 -3.1023 1.9003 2.8960 5.5727 -0.1614 1.4792 4.6971 -3.4826
-0.3304 -2.1960 1.5521 -2.1007 2.3762 3.7032 0.4736 8.1070 -0.0144 -3.4010 1.3130 0.9334 3.4892 -3.4810 -1.4275 4.9084 -1.8044 0.7482 -1.0153 -3.2231 0.9096 2.0357 -0.1039 -3.5560 -0.4243 0.1221 5.1394 2.5394 -2.0523 0.5442 4.5646 1.5070 1.3353 1.2466 -2.9778 1.2608 0.8978 -5.1150 -0.5006 -0.1792 -1.0785 5.4788 3.7197 0.0749 -1.7773 -1.5993 2.1507 1.1301 -0.8748 2.5591 1.6200 -0.2826 4.7627 -2.8222 0.1639 -3.0109 1.7154 -4.2496 -0.7539 1.6209 1.0988 -0.0333 -1.8635 0.6741
-2.9349 0.8192 -2.6182 0.6512 -2.5749 -2.0811 1.1278 1.8052 1.3442 0.7894 3.1815 -2.7271 -1.1638 -1.0352 1.6520 -2.0039 -3.6031 -0.7443 1.2607 6.8173 0.6821 -1.7645 2.0568 4.5931 -1.7227 -0.2712 -6.2260 0.2571 0.1367 0.1222 -1.5199 -1.8011 -1.6296 -3.3745 0.3741 -3.4097 3.2668 0.1064 0.3086 1.1333 -0.5302 3.6308 -2.9024 2.6557 -4.0369 -2.0435 -6.2650 -0.5287 -2.3920 2.0318 -2.8959 1.5174 -5.6842 -1.2826 0.0144 -4.5647 0.2566 -1.7880 -1.9669 3.7060 0.6321 -3.1246 -1.1461 2.5592
4.4705 -1.0148 0.1225 -0.8799 -0.4717 2.1347 -0.4241 -3.3702 -4.5349 1.7813 0.9016 0.5579 -3.2964 -2.0031 0.1812 -1.3060 -1.7908 -2.6380 -4.0064 1.7570 -4.2252 -3.5979 -0.4636 0.1612 -4.0229 2.4481 -0.5790 0.1420 -1.3062 -4.8423 -0.8041 1.9621 -0.1824 3.7949 -1.6774 -1.4849 -3.5002 0.5699 -2.2982 -4.7704 2.0698 -4.7844 -1.5875 1.2947 -0.4984 3.8320 2.6366 1.6965 1.1550 1.4837 -2.4068 -2.0658 0.7219 -0.6882 -4.3632 3.5752 0.2823 1.1619 -1.0291 -1.8375 0.2087 7.1779 0.8102 -0.5706
0.7473 3.8724 1.0277 6.3606 5.8981 -2.4897 -2.7171 -3.0401 6.2212 -1.5470 -1.5998 5.6660 -0.5911 2.3917 1.0065 3.3539 3.8504 -0.7753 1.3610 -1.4935 1.3410 0.9776 -2.5614 0.2329 -0.1872 -5.8282 5.5560 3.1739 -2.4897 3.2017 2.1212 2.1547 3.0536 -7.6651 -4.2167 -0.1221 -3.3767 0.0261 -3.4161 -1.8514 0.9173 -1.0683 -0.8388 -1.6289 -1.0617 -1.4724 1.5059 0.3968 3.4519 -3.8765 -4.8613 0.3741 1.3100 3.4241 2.2323 -3.6055 -1.0933 3.5315 1.5097 1.6835 1.0725 -0.7917 1.5756 -3.1568
1.1419 -3.0284 -1.3918 0.8300 1.2163 5.0100 4.8669 0.2292 -2.2017 -3.2567 0.1993 -1.2701 -0.6234 1.9675 3.1964 2.8629 1.1841 -0.4131 6.1672 1.0501 -0.2969 4.3305 1.8132 5.3664 -5.9065 -3.0078 0.0140 -0.3561 2.2458 0.8171 1.9831 -1.4409 -0.6865 4.8679 -0.1427 -3.2799 1.8339 -1.0411 5.8464 0.3853 -1.2434 0.7086 6.0733 -4.6976 -2.7663 -1.3107 0.6830 0.8200 1.9407 -1.2387 5.5208 2.0459 -2.5266 -2.9666 -4.5024 -5.7963 1.2665 -4.5898 -1.6299 -1.4622 0.1166 -0.7813 4.0857 -5.8397
-2.5985 2.1118 3.1820 -1.3045 0.5925 0.6243 -0.5647 -2.8682 0.3072 2.8230 0.6288 -5.0406 1.9739 3.5468 -2.1696 -0.6337 -0.8724 1.8143 2.3217 2.3202 1.0096 2.8436 -3.9459 3.5886 3.8156 -1.5761 0.7976 -2.2708 0.4776 -1.2190 1.3732 -5.2768 -0.9608 -0.6276 -0.4657 0.0515 0.8022 1.0356 -0.9922 -4.4496 3.7846 -4.4593 -6.7196 0.1888 1.2047 -2.0657 1.4538 -1.6979 0.5099 3.7271 1.4753 3.8009 0.1329 -5.2443 3.7813 -1.1978 1.4979 -0.7090 1.9857 -1.8786 -2.6725 1.8253 3.1219 -3.3973
-0.8841 2.7713 -3.0184 2.7057 0.4430 -3.2560 -4.0266 1.8154 1.2636 2.1563 1.3421 3.0368 2.5975 -1.5016 -0.0744 1.1797 1.3850 -0.4372 3.2629 2.5797 -1.6137 -1.7632 -5.5676 2.8090 2.1875 -3.3187 3.5888 -3.2631 -1.3280 1.8281 -0.4145 4.3547 1.9468 -0.2987 -2.0641 0.5072 -2.1299 -0.6771 0.2090 -1.0488 -0.4318 0.7670 -0.6091 -0.2192 3.1517 -6.6940 1.9746 0.1347 -1.9588 3.4956 -1.6655 -1.5479 -0.1665 -2.4301 3.0807 -5.2316 0.8462 1.9737 -3.3956 0.3461 -0.8367 -0.7196 -0.3302 -7.2575
0.0920 -1.3037 4.2586 1.2602 2.7922 -3.4071 -1.0684 -0.5083 1.9764 -0.7601 -3.1106 -3.1437 -2.4398 4.4338 -1.7313 -1.4364 -0.0178 -1.1852 -1.2034 4.2960 1.1320 -0.4174 -2.6019 -3.0761 -3.4703 -0.5701 5.5322 0.7173 1.4589 -0.3214 -1.5533 0.1478 -1.1942 1.1205 0.4391 2.1298 -3.2472 -2.1282 0.9167 -0.1388 0.9350 -0.1248 6.6023 0.4515 0.2530 -0.5281 -0.7770 -1.6796 4.2093 -0.6989 1.0832 -0.3627 3.1592 -1.1782 -0.0421 -0.6803 -1.7027 -4.2922 -0.2033 -4.3216 1.5871 -1.4202 -2.0677 -0.0262
-1.2263 5.9078 0.5053 0.1912 -1.8027 -5.3435 1.2640 -0.0262 2.2599 2.5419 -3.5598 -0.2219 2.7756 4.6798 -3.4133 2.6093 2.4620 -2.2784 1.5775 -3.0755 2.4137 0.2315 -1.2941 -1.3032 1.0180 1.5857 1.1954 -9.1897 1.7286 -2.9812 4.5922 -1.4905 1.3590 0.3004 -0.1717 1.5537 -0.7753 5.1642 -2.7867 -0.8343 4.1322 -4.4996 -7.7979 1.1961 4.2708 -0.7613 5.3539 -2.3822 -0.6148 -1.7689 0.9966 3.1936 -1.1789 0.3490 1.1283 0.5576 3.3353 -1.9734 -3.0560 3.4728 0.8212 1.5969 -1.0015 -1.5526
-3.8033 -2.7885 5.7752 -3.7956 0.8789 2.4604 -3.9171 2.4112 2.4477 0.6506 -1.3762 -4.0689 0.0466 1.2017 2.3553 2.8323 -3.2774 1.3706 6.5438 0.5706 0.8947 1.5290 -0.8088 2.3453 -2.0983 -0.7956 -0.7409 -3.9604 -1.4417 -0.5743 -1.2535 -2.6007 -0.9336 0.1755 1.5418 1.6345 -0.2677 -0.9204 -1.3645 -2.2012 1.6663 -3.0029 2.2732 -2.6092 3.0114 -3.3802 0.3757 0.7303 -1.5785 5.9119 1.2075 0.2481 2.0045 0.8358 -1.5179 1.9846 3.4412 3.0963 -0.1280 -3.0430 0.6107 -0.8660 -0.1091 -7.5615
1.0826 3.5522 -2.9007 -0.8256 -3.5613 0.6316 2.0346 0.6880 -2.8414 -2.3836 -0.9126 -3.4669 -0.8711 1.1881 -2.3836 1.2948 -3.7894 -3.2027 -0.4048 -2.3646 0.6040 -2.3916 -1.5079 1.3824 4.0668 3.2588 -3.8998 -3.2519 1.5622 3.5851 2.6330 1.1236 2.5798 3.3639 1.4949 2.2039 1.3058 2.7317 1.7358 -0.9833 -0.9000 -3.0080 -3.2865 -0.5549 0.0435 3.5010 7.1156 -4.1072 -0.0476 -1.2853 3.6229 2.0266 1.4727 -0.5895 1.8246 3.5427 3.3967 -3.5335 -1.6851 4.1664 -0.0715 2.6527 -0.0089 3.0269
-1.5666 2.5379 0.3155 1.3248 0.2204 -4.3876 -1.9419 -2.0742 3.5628 -2.3435 -0.3375 -2.5644 5.7453 1.2382 4.0345 -5.1381 -0.9332 -0.4723 2.4044 -0.8228 1.9789 0.2610 2.3603 2.6254 1.1813 -5.4221 -2.8964 -2.3593 0.6806 6.3175 1.5022 -4.5786 1.4924 -3.3748 1.8145 1.5632 -1.2149 2.3575 1.8933 -0.7220 -3.9495 -0.3114 4.2492 2.2366 5.5736 -2.9528 -0.9277 1.0912 0.8369 -0.4591 2.9876 0.8756 1.6627 -1.7839 2.9707 -1.3688 -0.6645 -0.6024 0.3192 1.2231 1.3222 -5.7269 0.6794 0.4041
1.0502 3.0993 -0.5937 -1.0423 0.8016 -5.5978 -1.3059 0.6010 0.8324 -0.8999 0.9878 -2.7842 2.7609 2.3226 -1.9813 -1.0312 -0.0714 -1.9940 1.4110 -3.2915 1.2271 -0.9191 -1.5610 -2.4560 -3.1037 -1.0795 3.5571 -5.2302 -3.5820 0.6755 4.4288 -5.7971 4.3730 -4.6472 -2.9714 -0.0146 2.1898 -1.6570 -2.1419 -5.8599 4.8823 -3.5140 -1.6568 -2.9608 1.8395 1.1246 3.5566 1.5652 3.5615 0.4036 1.8863 2.2497 2.5916 5.1307 -0.1512 3.3275 3.2568 0.0723 -2.5521 -0.1794 4.9706 1.8894 -0.6970 -4.0025
-0.9623 0.4445 1.3473 -0.7035 1.1428 -1.7784 -2.3079 0.0737 2.3525 -4.1543 0.7281 -3.9007 -2.6298 -4.4802 -0.0992 -1.4316 -0.3455 3.3678 5.1278 6.5049 2.0170 -2.3271 1.7153 -1.2738 -2.4355 3.1721 2.0084 1.2387 -5.0242 3.7405 -1.6726 3.3860 2.8068 0.3658 5.5299 0.3427 -1.8603 0.9352 5.7848 -0.4296 1.7335 1.0524 -0.1515 -3.4909 -0.7696 -0.5097 0.1189 -2.4873 2.9624 2.5968 6.2447 -1.9848 -0.5825 -4.1952 1.3056 -6.0347 -0.7786 -1.4066 -1.5762 3.1819 1.6036 2.0481 1.7944 -1.9348
-0.8045 -1.6184 0.8000 -0.1244 0.5877 3.7170 4.3171 -1.1754 -2.5059 -0.8063 -0.3700 -0.9094 -5.9305 2.1567 2.5250 0.3267 2.8412 -2.6055 -0.5726 1.4152 0.4666 -1.8445 1.4300 3.4078 -6.8138 2.6801 0.6455 0.8968 1.6137 -4.2867 -2.2665 3.4823 -1.3278 6.0833 1.7131 -0.6232 -0.8498 -0.7274 -2.4964 -4.8798 -2.0447 2.8481 0.2916 -2.2444 -2.1643 2.3845 -1.4971 0.2943 2.6552 3.0936 4.0625 1.2087 -0.5196 -0.3423 -1.8926 -1.9414 -1.0767 -0.9681 -4.7565 0.0324 3.5262 2.4706 -2.1507 -3.6108
-0.3393 -1.1841 1.0497 0.2304 4.1240 1.2950 -0.3218 0.2777 -1.4112 -0.9072 3.2623 -2.8027 -2.1663 -1.2108 1.1645 -3.5036 -2.0111 -4.5019 -0.3178 0.3519 -5.3397 1.5982 -1.3944 -3.8753 -3.5802 3.2291 5.2405 -0.3415 1.2676 -2.2443 -0.6864 -2.6706 -3.7072 0.9675 3.0887 -1.8956 -2.6274 1.0605 1.9140 0.3408 -2.3087 -2.0331 4.7351 -3.6873 -1.5379 -1.3137 0.2669 2.4656 -2.7472 2.4906 0.1164 2.1293 0.9317 1.2701 -1.3059 -0.3167 0.0532 -0.8730 3.0793 1.9681 4.0756 3.8993 0.4284 -0.0563
-1.0898 -2.5465 2.2416 -1.1251 -1.1241 2.2329 -0.8962 -2.1081 1.5774 -2.7196 -1.1876 3.2285 0.6214 -2.8469 -0.0990 -1.8967 3.8448 0.5111 -1.7112 2.1531 2.7812 -4.4142 -1.3496 -2.2833 -2.5672 2.5180 -0.4241 0.2730 4.7649 -4.1597 -1.9289 0.4090 -3.2948 3.4940 3.2308 -8.2553 1.1180 -0.7005 -2.5929 1.0706 3.8886 -4.0187 -3.1071 -0.8026 -3.0745 0.6084 1.3014 -2.9553 1.3685 0.1413 -1.1817 3.1169 -3.5401 1.3710 -0.0644 -1.4695 0.9292 4.6435 -0.6861 0.5533 1.2598 5.9413 1.3692 -0.1915
1.3321 -2.0519 6.9480 -0.7200 4.3806 0.4264 -3.3186 -2.2887 1.6769 3.2178 -2.1576 0.8668 1.7183 -3.2044 -1.7702 3.8971 -2.1171 -1.1304 0.1881 -2.4059 -1.0101 -1.7873 -1.5624 0.1997 2.0452 -0.3403 -0.9960 0.7406 1.1723 -2.9679 -2.0262 -0.4651 -0.0936 -1.0122 1.5692 -1.0785 -3.6773 3.3494 2.5462 -0.8218 2.1267 -0.8799 0.5172 1.9043 0.0196 0.5222 1.6169 -1.0060 3.8416 -1.3054 -5.9341 -3.7112 4.0517 -0.7407 -1.4963 5.3986 -1.3189 2.6485 0.9535 0.4745 -4.6577 1.2102 3.8978 0.8024
-1.1185 -1.2529 -4.3782 1.4171 2.6331 4.7197 -3.2659 4.8435 -3.5404 2.4438 1.9355 -2.4734 -2.0770 -1.9687 -1.7667 0.7970 -2.7402 4.0648 -3.1050 -1.5752 -1.1474 0.9275 0.2695 1.7110 4.6469 -2.5496 -4.6680 3.2859 2.8373 0.7281 -3.1454 -2.7891 -3.2318 2.4756 -3.1294 0.4405 3.1303 -5.2773 1.4190 2.5470 -1.7756 1.4689 -0.6695 -3.6965 -3.9963 -1.7680 1.1309 2.5688 -5.5131 1.6688 -1.2308 -0.1488 0.8176 -1.6861 0.1210 2.6087 -2.4184 -1.2808 0.6266 -2.6375 -2.7400 0.4215 -3.7753 5.5379
3.9353 1.0439 -1.4543 -1.6790 5.0228 3.6997 -1.1151 -2.3647 -5.8254 2.0208 -1.9441 -0.4082 -2.7704 1.5554 -3.6680 3.5428 3.5266 -0.2646 -3.1167 -3.8097 1.1879 1.7654 -4.7073 -1.7242 0.1268 -0.2267 2.2976 -1.8757 3.2039 0.9309 -2.6449 -0.2618 -1.5975 5.1447 -6.1648 2.5340 -2.3618 1.1941 3.0205 -0.1260 3.4045 -0.6811 -3.7458 -3.1380 -0.8845 -1.3733 2.8807 -0.5705 3.7257 -1.7568 -2.9982 -0.5569 2.5285 -1.6908 1.8384 2.6000 -3.0757 -3.4804 0.6009 -1.3438 -3.8617 3.1904 -2.4450 -0.6112
-1.0326 3.8566 -2.8670 -2.9327 -1.8755 -0.4547 0.9769 0.1566 3.4425 1.4074 0.9074 -3.3266 -2.3801 1.5014 -0.7472 -1.8756 -2.4149 0.7632 1.0714 0.0787 -1.4514 -0.3185 0.7364 3.6257 -0.5899 -4.4525 -3.9707 -3.0606 -0.2224 1.8834 0.0942 -5.2386 -0.2867 -0.1286 -1.8536 1.1830 -1.1524 -0.5681 -0.5521 -2.5922 -1.5275 -1.7355 -1.1491 -1.4187 0.3576 -0.4454 -0.1823 5.2232 0.5931 0.1665 -4.0077 0.3849 -2.9395 1.3558 -1.7736 -5.5112 2.5352 -1.6944 -1.2121 -2.0453 -0.8747 -0.3122 0.4897 -0.8577
-0.1870 3.3526 -4.4624 2.0359 0.6290 -5.1617 0.3600 -0.2867 -2.1206 0.5663 2.4238 -0.3524 -1.4107 0.5041 1.5370 -0.7318 1.6854 2.0808 -4.5149 -2.1706 -1.1293 -0.6389 2.5770 -1.2335 -2.2274 -0.5035 1.8069 1.3546 -2.5322 -2.7076 5.0852 -1.2139 2.3365 2.3883 -3.0942 -1.2046 0.0209 -2.4867 1.4786 -1.6235 -1.0773 3.9148 -3.8511 -1.0407 -3.0647 8.2671 0.9100 -0.1906 -0.9337 0.5833 0.4411 0.5329 -1.6698 0.6219 3.4261 1.7618 -0.4231 0.9652 -3.7885 -0.6159 1.6886 -4.1082 -1.3860 2.3267
-1.6543 0.1315 -1.2813 5.7616 -0.0698 -1.6999 -0.9478 3.2925 1.4301 1.8183 -1.5665 3.0864 0.5557 -0.5530 -2.9083 4.9304 4.6883 -0.4200 -0.1511 1.6568 -0.3947 -1.1914 -3.8454 -1.1043 0.8752 -1.5057 0.2108 -0.9980 -0.6380 -0.4276 -2.5011 -0.4068 2.2223 -1.6475 -1.4147 -1.4752 3.4535 -2.2313 0.8401 -3.6144 -2.9966 2.8019 -2.3642 -1.9010 0.0926 0.1496 1.9272 0.5106 -0.5217 -6.7271 1.5227 -3.6650 -5.0718 1.8898 1.3063 -3.8365 1.8256 -3.3330 -2.9372 3.1903 -1.7184 -1.3871 1.0788 3.8648
4.4942 1.2041 0.2228 5.0558 0.2545 0.3611 -0.3690 -2.4488 4.5722 4.2152 -1.2508 1.3647 -3.1045 1.6298 -4.4333 0.4045 2.2279 2.0907 -1.0833 -1.7755 3.0460 -3.0699 -0.6324 -3.9756 2.9425 0.1181 5.1745 2.6607 -1.3298 2.6955 -5.2198 1.6686 -1.2295 -2.1508 1.0205 0.5163 0.7605 1.2697 -1.0043 1.4893 1.3204 -0.9497 -0.9211 1.0353 0.7261 3.8313 -1.2945 0.1033 4.4761 -4.4733 -0.1785 -8.3216 0.0941 4.9855 5.4848 -2.0271 0.1341 2.7732 -2.6583 -0.8969 -1.2115 -2.9231 2.1640 -1.9132
-1.9953 4.8451 -2.6522 -1.0868 -1.7308 0.2156 4.8607 1.0747 1.6760 0.6738 7.0340 0.0215 -2.2930 -1.1594 2.6075 -1.6022 -1.8176 0.8098 3.8216 -2.6935 0.1540 -1.2455 5.8662 -0.2370 0.9814 -1.3748 3.1971 2.9430 -0.5888 -2.7168 4.0297 0.3824 2.8430 0.6641 5.5585 -0.3119 0.7318 1.2071 0.7305 2.4123 -1.8931 0.6465 -0.4499 0.1948 -3.4214 2.4337 -1.7366 0.4929 -2.3072 4.6040 1.5880 3.2412 -2.5891 1.7249 -1.2347 -1.8593 1.9351 2.6737 2.3662 1.9914 1.8886 -3.8981 0.3180 1.8207
-0.4041 -0.9552 3.2942 4.0393 1.4313 -3.3860 -2.5105 -1.5670 -0.0113 3.0206 -0.5859 1.3064 0.0279 0.5534 0.9925 3.7697 4.8513 -2.5851 0.4566 2.5969 2.6245 3.0627 1.8634 1.7635 -4.7235 -1.5865 2.1345 -0.5319 -2.0725 -2.9318 1.7907 -1.6835 3.5444 -0.8760 -1.5514 -1.4918 -2.4785 2.3368 -0.9912 -3.9736 1.7475 -0.2472 -1.1094 0.0764 0.6698 -1.0653 4.2201 1.6534 2.3453 4.0509 0.5574 -0.4265 -0.9759 -0.4218 -1.3380 -1.4550 -3.2506 1.3079 -0.3264 -0.4516 3.7916 1.6268 -1.9875 -4.9542
-1.7784 -1.0595 -6.3082 1.7523 1.9615 -0.4456 -2.8350 1.7569 -3.6827 -2.8857 2.2994 0.7569 -1.5596 -5.4650 1.8092 -1.7074 -0.7754 -0.5606 -0.4331 -6.1042 -3.5163 -1.0062 1.5443 -0.3936 -0.6102 -1.6168 -2.4076 1.1521 -3.0586 -1.6560 -2.2854 0.9074 -0.0113 -2.6689 -0.2994 -1.0733 -2.0105 -3.8622 -0.5486 -2.1600 -0.4611 -1.4545 -1.2889 -0.0918 -2.9758 2.3491 0.3258 -3.7694 -1.0438 -3.4419 3.1334 0.0195 4.4178 1.2065 2.3600 0.8049 -1.5421 0.9644 -2.6470 -4.0309 -0.2660 1.5616 -0.4408 1.2177
2.9756 -1.4762 5.7608 -0.6956 -0.3042 -0.4861 -0.9571 -1.4168 2.9547 -0.1213 3.5407 -1.1522 2.2202 0.9353 2.8245 0.4146 -1.6614 -0.9805 1.5260 2.9470 0.8544 0.9954 3.0684 1.7320 2.1677 3.3402 -1.0219 -0.2392 -1.4807 -0.1752 -4.1158 -2.0845 -0.4075 0.6410 4.0842 -0.8496 -2.2777 1.8353 2.1148 2.0468 1.4817 0.4700 2.2201 3.3119 -5.3471 -4.6622 -0.4530 -1.3527 -2.6119 5.9606 2.8399 -1.1809 -1.5582 -2.5776 3.4937 -0.2012 -1.8830 -1.3461 2.6001 1.3005 1.1058 1.4180 -0.9961 -0.0440
2.1329 -0.0732 1.5750 -1.5873 1.2305 1.8647 -0.7050 -0.0874 -3.3676 1.2215 -4.3034 -3.5849 -4.6625 4.4280 -1.0037 0.9884 -2.4899 2.5164 -1.6992 1.3390 -1.0849 -1.2195 0.1413 1.4903 0.4843 1.4965 -0.1574 -3.3140 -3.1164 1.8111 -1.9044 -0.0333 0.9671 6.8258 -4.4136 5.9401 1.9849 -4.4787 1.8041 0.3400 1.2039 -1.1258 0.7137 0.1237 -5.8168 -1.0532 3.2980 0.1126 -1.4238 6.9762 3.3863 -0.9369 0.5923 -3.5343 2.6111 1.7107 -3.7442 -6.5264 -4.7955 -4.3143 -4.5225 0.8554 -1.2360 -2.2280
0.2820 -1.7662 0.1377 0.5957 2.4270 -2.4572 -4.4106 -1.0125 -2.3534 -2.1074 -5.1474 -4.4322 0.8602 1.8101 -3.3334 5.1750 -1.8783 -0.4492 0.2157 1.6364 -0.0978 1.9771 -4.8205 0.2935 -2.8971 -0.0627 -0.1420 -2.8164 -1.6368 4.1611 -1.1256 -4.9043 -5.6733 0.6143 -3.5029 0.5010 4.2908 -0.4659 -0.0202 -1.5391 3.9260 0.0252 0.1472 -3.8296 -2.6566 3.2108 5.0566 -2.5734 3.3210 -1.3482 -1.3802 -1.6985 -1.3322 1.1475 -0.4628 3.4132 -1.6894 -3.8230 -5.0260 -4.6359 -3.2750 1.2720 -0.8025 -3.2814
-0.2377 -2.1935 -0.9963 -0.1404 -4.7149 -1.0629 -0.2672 -1.1988 0.1624 1.2912 0.7826 -2.1167 0.1791 1.3116 -2.2267 -3.4218 -0.7939 1.7334 1.0340 2.1175 0.0955 2.1914 0.6786 -0.0033 4.8411 5.5864 -2.7599 2.1991 0.7106 3.2626 4.7330 3.2524 -0.5921 1.7612 2.7696 -5.1250 -1.5855 1.1667 4.0864 4.6447 -1.4829 -0.5191 1.9162 1.2590 -0.2876 4.8078 0.3953 0.0075 0.6456 2.0886 1.1991 0.0715 -5.3783 -4.8538 -1.5394 -1.5210 1.4718 2.7776 2.8488 1.2899 -3.6975 1.5397 6.3912 1.2731
1.0645 -0.1495 0.7783 -1.4187 -0.7720 -5.7497 0.1875 -0.7962 -3.8413 1.7932 -0.8791 -2.9087 -2.1765 1.5829 -3.8097 0.3240 0.7921 -5.1538 -4.6374 -5.0512 -0.4349 1.0581 1.8500 -2.9284 1.0960 -1.4054 2.7369 -4.5830 -5.1565 -2.5539 -0.5016 -0.9116 -2.1681 3.6793 -1.6514 2.6446 -1.2167 -0.7803 -0.0243 0.6007 2.9972 -3.4900 -3.7740 2.9486 -0.9589 3.3640 0.9848 -2.8365 1.7641 3.7742 -0.1523 0.4808 1.7260 2.1502 1.0749 4.1618 -0.1407 -1.3526 1.9844 -2.8663 -2.3586 3.2372 0.6620 -6.0803
-1.1555 -0.8834 -1.6514 3.0651 -0.0398 1.4647 4.7060 -3.6608 -0.0309 -4.6407 -1.6233 2.0992 3.8172 -2.5508 0.8086 -2.1717 -3.1426 -0.3132 -1.1862 1.7557 -4.8387 -4.7752 3.2278 -0.0209 1.4289 0.6552 -4.3086 -2.8150 2.9470 4.0098 1.3217 -0.1506 -2.1921 2.3082 4.6457 -0.0573 2.4318 -1.3578 -2.6698 0.5095 -1.1679 -0.1120 0.5038 -1.6267 1.3566 -4.5177 -5.5862 -2.9204 1.6399 1.9219 1.0174 0.4613 1.6475 3.7821 -0.8792 -0.7928 3.0147 -3.5964 0.0137 0.8157 0.3692 4.9071 -3.0778 -3.0277
4.9974 -1.5160 -0.1498 0.4297 -1.8541 -3.1209 4.3956 -0.9764 -1.4025 -3.2554 0.7201 3.9034 3.5707 -2.2664 -4.1692 5.5099 0.5545 1.4270 0.2755 -2.3914 -3.6596 3.7958 4.8282 -4.1005 -1.5193 -0.2799 2.0996 -0.4929 -1.6888 -3.0648 4.5521 1.7061 -1.0132 -0.5254 0.7733 -1.8753 2.6768 0.3594 -4.5972 1.4633 -1.4506 6.2429 0.8918 0.7114 -1.0793 1.8177 -1.8130 0.6087 0.3794 -1.3162 0.4840 -3.2086 -1.6799 1.7525 -0.4699 0.7861 1.0813 1.2217 0.1201 1.3913 -2.3646 -3.9211 -1.1932 -1.7793
-1.7090 5.2232 3.1945 1.0899 0.6507 -1.9250 -0.1512 5.3553 -0.9700 -1.6472 -1.3402 0.1109 0.1737 2.6687 -2.1749 -0.7769 -0.2369 0.9458 -2.0888 -0.1511 2.1559 2.5728 -0.3380 1.7830 -1.3179 4.7360 -0.0788 0.3778 0.2597 -0.1214 2.3011 0.5297 0.8966 -2.4600 -3.8268 -1.7422 -2.0613 0.2135 2.6205 -1.3640 -0.7146 1.6633 -4.3154 3.0781 1.5534 1.1252 4.0299 1.4136 1.0501 -5.4395 -4.4732 -0.0234 -2.1263 1.9643 3.7827 3.0111 4.7671 -0.9788 -3.1526 4.9012 3.0884 -1.1032 2.3138 1.0575
2.8916 -6.1438 6.9388 -2.0058 0.0449 4.7665 -3.4247 2.5839 0.6380 -2.8241 -2.3401 -4.4388 -0.3975 -4.8914 2.6923 7.3973 -7.1546 -0.9123 -0.1344 -0.5429 3.7884 -1.4270 2.6558 -0.5834 -1.8094 -2.0006 -0.5501 -2.3231 3.9223 -0.9870 -3.3810 0.1800 -0.7059 0.4865 1.3606 -5.3934 0.1624 -1.2929 0.7510 2.8307 2.3646 -1.4426 8.0552 1.3374 1.5132 -4.1557 1.8900 0.0825 0.5374 1.8638 -1.6662 -2.4273 4.8704 0.9979 0.2492 -4.2868 -1.0624 -3.9333 -4.2097 -1.4630 -0.7401 3.9760 0.5554 -2.6462
-1.9863 1.2762 -1.2159 -4.3893 -2.8022 -0.2360 -0.1195 0.6243 -2.9375 2.1324 2.4164 -0.6226 -0.1243 -5.5319 -2.5064 6.2048 -3.2340 -2.1042 -1.8105 5.3203 2.4364 -0.9164 -2.7553 -3.2842 1.4308 0.2883 -0.2854 0.0054 -0.9409 2.6801 0.8453 2.2356 0.3449 -1.4962 -0.9847 0.0036 1.5137 2.6647 0.4553 -1.1537 0.7800 1.8750 -1.7541 3.4321 2.6450 0.1928 0.5453 -2.0161 0.9002 5.2127 -4.1578 0.0636 -1.5595 -3.7163 2.8453 -1.6254 0.6923 -0.0678 -1.3901 1.0418 -0.3301 0.3012 1.2833 3.9674
-4.4267 1.2332 -1.7563 -1.0970 2.3081 4.3862 -1.2802 0.9832 -0.5192 1.3874 3.3641 -2.7790 2.2400 1.0684 2.2508 0.8200 -0.8479 3.7847 -0.8903 0.4614 1.8793 4.9872 -0.2972 -2.9821 0.5317 0.9476 1.5420 2.8560 1.8989 0.4123 2.4875 -4.4308 -0.6352 -1.2406 -0.9811 5.0170 -0.6771 -1.6763 -2.8572 -4.6367 1.4566 -0.4913 -3.6823 1.3721 0.4959 -4.7338 -1.0835 0.7436 1.8936 1.0552 2.0340 5.3050 0.5814 -3.4735 3.6368 -1.0824 2.1893 -3.8791 1.8856 -1.2835 2.3488 -1.1213 -1.0527 2.8469
-2.6985 -3.5995 -0.1621 -3.8089 -0.9133 0.9112 -0.6970 -0.4576 -1.6015 -2.4832 0.2044 -5.4319 -1.7789 -3.8057 0.5368 4.5198 2.7586 7.5746 0.0310 5.3316 -1.8955 -0.0176 -1.3929 3.6247 -6.7211 0.4117 -3.5573 2.0171 -1.3482 -0.9798 0.5335 0.5144 2.3484 4.0585 1.4451 -1.5708 1.2059 0.1261 1.8883 -3.1891 1.6768 1.6571 -3.5518 0.5581 -0.3437 2.4815 2.2951 0.8060 -2.7814 -1.4090 -0.2124 -1.1435 -6.5093 -3.8057 -3.0785 -4.9860 1.3227 -3.8526 -0.4997 -0.9234 -2.3463 0.0578 7.1746 0.8334
-0.1620 0.7359 -1.5988 -0.0425 -4.8400 -4.5574 -0.2914 0.8466 0.1785 -0.6742 2.4257 -5.2438 -5.4677 1.9613 -6.5856 -1.3672 2.1393 2.0654 -1.7130 5.1267 -0.6063 3.9133 0.4456 -2.5209 -2.6646 -0.1346 2.5343 -0.2933 -4.9658 -2.8456 0.6483 1.5591 3.9398 -3.1592 1.7538 1.0169 1.6832 -1.2780 -4.9344 -0.8448 -0.0037 -1.4230 -3.3168 -1.4376 -1.3286 2.8913 2.3720 2.5823 -0.8410 2.3935 5.4021 1.8354 -1.8396 -1.4475 -1.2575 -3.1663 -1.7300 -1.0406 4.1383 -1.4290 0.9293 2.4920 1.3229 0.0110
1.4552 2.2251 2.7347 2.6314 -0.2967 1.4549 -2.7826 -2.7078 1.4766 0.5636 -4.0124 2.5563 2.2352 2.3255 2.3066 1.5393 0.7877 -1.9624 -1.4569 0.4261 1.9310 0.5207 3.4315 0.2924 -1.1080 -1.7077 2.5768 -1.7967 -0.0768 2.2259 3.9311 -0.2147 2.4830 0.6315 -1.8493 -2.7771 -1.0822 3.8286 3.8364 0.2851 -0.4837 -0.8709 1.4641 -0.1937 5.3432 1.8497 4.2297 1.1785 2.4537 -0.6101 -0.1143 -0.8371 -0.5901 0.0396 0.6863 -0.6775 1.1122 -1.7295 0.1726 2.6553 2.9741 -1.1222 1.4928 -3.7951
-0.7373 -0.2321 -0.8669 -0.1200 -0.6906 0.7942 3.1655 -4.5330 -0.7066 -2.6652 0.4562 2.6882 4.4673 -1.5391 2.3717 0.8082 -0.6392 -1.1612 2.7448 0.1808 0.8274 -1.1306 -0.6601 -1.0346 2.2921 4.4257 -0.5136 2.6101 4.8067 0.8896 0.0740 -1.0960 -1.4515 -1.7482 1.4213 0.3217 2.3133 3.1734 -0.3369 1.7102 0.5391 -0.0774 0.5239 2.7413 -0.6792 -0.4440 -0.0990 -4.2529 0.2908 -0.9640 -3.0885 4.2604 0.3276 -3.5226 3.0181 0.0498 -0.1844 0.0185 -1.4356 2.5567 -2.5546 -0.4807 -3.1851 3.9707
-0.8082 -1.3478 1.6815 0.6874 -2.3580 1.4208 -6.3691 2.5540 6.5723 0.2981 -2.7682 1.5958 -1.8865 -0.3336 5.2752 0.4501 -1.1580 3.2606 1.7594 8.4139 -3.0611 5.0480 -1.5678 2.2104 -6.3424 -2.0880 6.3889 2.4714 -5.2767 -2.1700 -0.5317 -1.2601 1.1738 -0.8638 -0.1923 -2.2038 1.0092 0.9700 -1.8479 -2.0723 -3.8256 2.4343 5.9441 -2.9468 -0.7962 -0.0886 0.3073 1.4310 -2.3813 4.7986 3.2959 -0.0014 -2.7769 -0.7800 -1.3829 -4.3571 1.8011 -1.2709 2.8572 3.9621 4.0976 -2.5236 -0.5693 -0.6970
-1.3884 -0.1986 0.6958 -1.9912 1.3195 3.6402 1.4827 -1.0748 3.2909 1.3823 -0.3566 2.8932 0.6523 -3.5803 -2.7676 -2.0959 -4.1754 1.9687 -3.2393 -0.5897 4.0145 -3.6176 1.7685 -3.1898 3.1615 1.7006 0.6362 0.6353 -1.2215 3.2736 4.7073 3.5260 5.8271 -0.8054 1.8544 9.0279 -3.3373 2.1825 3.0682 2.7407 1.3747 -1.2582 -1.3808 2.9108 0.3175 2.4138 -2.1311 3.4382 0.5244 2.8116 -1.9690 -2.3983 3.2899 -3.9970 -2.0948 1.2252 0.5393 2.0718 3.9125 -0.2665 1.2104 1.6797 -0.9894 2.6911
-1.1341 0.9768 5.2191 -5.9768 2.5429 0.4407 -0.3473 -0.1880 3.4381 0.5384 -0.1790 -0.8728 -1.2501 0.0843 6.3599 -2.4623 -2.5813 -0.3734 1.9812 -0.3793 -0.3452 0.3512 0.6408 -0.2703 -6.2415 -0.9317 2.2988 -1.9746 0.0758 -4.2442 0.1910 -1.5501 -0.9794 0.7155 1.4994 -0.4422 -2.6609 0.5652 2.9789 -4.6844 0.5934 -2.7112 2.2888 -0.3206 3.8791 0.8541 2.8772 1.3878 -1.3855 -0.3386 -0.0314 -1.7961 -2.0965 1.5243 -2.4712 2.2638 3.2069 4.1870 1.1733 3.0563 -0.3754 -0.6409 -0.7738 -4.8601
1.8381 6.3743 -5.7300 4.7990 0.0351 -0.5070 4.7907 2.7768 -1.9193 0.9683 0.8334 4.1652 0.7359 0.2529 1.3903 3.9095 -2.0880 -0.4009 -4.3928 -2.9186 -5.9221 2.0276 3.9367 1.3294 0.7584 -1.5363 -0.5433 -0.2419 0.3113 -2.3141 6.1853 2.0056 4.6733 -0.8117 -1.6652 2.2781 3.0521 0.1783 2.5827 2.4244 -3.8236 2.6966 0.6376 3.0635 -2.7230 2.5496 -0.2268 -4.3996 -3.2805 -0.8075 3.8147 0.5352 3.7639 -0.0159 1.5711 -0.8093 -0.7551 -5.7195 -3.0643 6.2187 -1.8748 -5.0379 0.0302 3.2597
