1
64
64
0.0871 0.2258 -0.8365 -0.5477 -0.0834 0.6938 -0.0306 -0.1427 -0.6685 -0.7181 0.8914 0.3284 0.7000 -0.5678 0.3380 -0.8049 -0.0754 0.7240 -0.1765 -0.0797 0.3019 0.4986 0.0909 -0.4188 -0.8755 0.5739 0.0250 -0.7761 0.6128 -0.2881 -0.0815 0.9561 -0.8961 0.5880 0.5726 -0.0055 -0.5973 -0.3204 -0.4828 0.7443 -0.6706 0.0897 -0.3396 0.5168 0.5135 0.5082 0.0388 -0.9641 -0.5902 -0.7475 0.7557 0.3193 0.7592 -0.6768 0.7412 -0.4890 -0.5224 0.8933 -0.0975 0.1204 0.9700 0.5015 0.5440 0.1160
-0.9457 0.1050 -0.8696 -0.8117 -0.0721 -0.3127 0.8184 -0.4351 0.0774 -0.2185 -0.0044 0.5967 -0.7891 -0.2561 0.3136 -0.0966 0.6442 -0.2052 -0.2392 -0.8132 0.5512 -0.1179 0.9290 -0.6088 -0.5925 -0.6266 0.0467 -0.8119 -0.4257 -0.2867 0.5857 0.5150 0.1552 -0.4471 0.2692 -0.3753 0.5958 0.2853 -0.2081 -0.6083 0.8302 0.7939 0.0661 0.0404 -0.6841 -0.1048 0.3918 0.1156 0.5865 -0.6679 -0.3665 0.2269 0.7144 -0.2738 0.8123 0.7944 -0.4462 -0.6623 0.9670 0.0141 -0.7186 0.1962 -0.5960 -0.9332
-0.6316 -0.2726 0.7880 0.4653 0.3086 0.6408 -0.6958 -0.3737 -0.1194 0.5972 0.2306 0.9355 -0.8331 0.7137 0.7648 -0.7647 0.6072 0.4795 0.0104 -0.3607 0.9343 0.9768 -0.1645 -0.0293 0.9682 -0.7551 0.3358 0.4504 0.2693 -0.3540 -0.6681 0.9942 0.7639 0.9596 -0.1450 0.3123 -0.6755 -0.7403 -0.9748 0.3737 0.1195 -0.8139 0.0548 -0.9413 0.4387 0.6459 0.7805 -0.5805 -0.8412 -0.2419 0.4630 0.9469 -0.6252 -0.3263 0.7164 -0.4070 0.6381 0.8364 0.0816 -0.7785 0.4205 0.5192 -0.3713 0.9761
-0.0577 0.8026 0.6433 0.3033 -0.0815 -0.3719 -0.2844 -0.4914 -0.0116 0.6385 0.6565 0.7596 -0.3296 0.0509 -0.6525 -0.5113 0.4240 -0.7741 0.6520 -0.8256 -0.7987 0.4382 -0.5203 -0.1598 -0.7161 0.8107 -0.3041 0.4793 -0.0993 -0.6175 0.4977 0.2276 0.3023 -0.1290 0.2419 0.1545 -0.2953 0.4761 0.6829 0.6124 -0.0574 0.6875 0.9582 -0.4921 0.2683 -0.9378 -0.7475 0.4786 0.3524 -0.7873 -0.3498 -0.3702 0.3727 -0.9924 -0.8607 0.3633 -0.6502 -0.6657 0.7115 0.3106 -0.5456 0.9835 0.6741 -0.8547
-0.4414 -0.8458 0.2858 -0.3192 0.3883 0.7328 0.0253 -0.5689 -0.3894 -0.2792 -0.5747 -0.8630 -0.9336 0.5263 -0.3921 -0.1834 0.3063 0.5185 0.8766 0.8072 0.7424 -0.5345 0.5321 0.6148 0.5769 -0.8818 0.3300 0.7977 -0.4794 0.3015 0.8144 0.7485 0.3415 -0.9996 0.1209 -0.6618 -0.7780 -0.2205 -0.1059 -0.2410 -0.0793 -0.5465 0.7291 -0.2368 0.0933 -0.7423 -0.2392 -0.1745 0.9536 0.6047 -0.7786 -0.0419 -0.1549 -0.9640 -0.9160 -0.1571 0.4798 -0.9456 0.8362 0.9325 -0.4399 -0.7451 0.7167 0.4154
-0.4156 0.9456 0.8215 0.6521 0.5079 0.3986 0.6098 0.6789 -0.9640 0.9636 0.9256 0.2427 0.4533 0.1184 -0.3905 0.2565 0.6588 0.0654 -0.4370 0.2702 0.7455 -0.1003 -0.7748 -0.5631 0.4074 -0.7595 0.0814 -0.8633 -0.8069 -0.4734 -0.5162 -0.9078 -0.9752 0.1343 -0.0625 -0.4323 -0.3975 0.6491 0.1967 -0.8515 -0.4055 -0.5473 -0.4002 0.4605 0.4864 0.1976 -0.9037 -0.8710 0.8058 0.7545 0.7045 0.7545 0.3356 -0.3392 0.1864 -0.3192 0.7846 0.9781 -0.6293 0.2524 -0.8421 0.0626 -0.5210 0.6763
0.5892 -0.4294 -0.9307 -0.1416 0.1656 -0.4644 0.9909 0.5783 0.7114 0.1467 0.0429 0.3177 -0.8727 -0.4954 0.6627 -0.5595 0.1980 -0.0233 -0.7701 0.4751 -0.8123 0.0505 0.8193 -0.9347 0.3384 0.7371 0.6586 -0.8706 0.7580 0.9116 0.1435 -0.9497 0.0349 0.3889 -0.1391 -0.8356 -0.3661 0.8214 -0.1308 -0.0711 0.5478 -0.7250 0.2038 -0.3184 0.7850 -0.6704 -0.1132 -0.6588 0.2142 0.8962 0.2626 -0.1095 0.1834 0.5776 0.4053 0.2792 -0.5251 0.3529 0.0247 -0.7366 -0.7916 -0.5316 -0.2310 0.5735
-0.0247 0.9415 0.3044 -0.4746 0.9011 -0.4569 0.2013 -0.0542 0.4872 0.9677 0.0125 -0.4621 0.2682 -0.1861 -0.8581 0.7830 -0.4912 -0.9942 -0.2763 -0.9205 -0.0550 0.2081 -0.9087 0.8148 -0.7200 -0.5223 -0.4464 -0.0607 0.9431 -0.0991 -0.3373 -0.0541 -0.0359 0.2450 -0.6078 -0.0605 0.2216 -0.1051 -0.4386 -0.0514 -0.5860 0.1817 0.0331 0.0740 -0.9890 0.7083 -0.9847 -0.9010 -0.5619 0.6666 -0.9266 0.6878 -0.7839 -0.4302 -0.3223 -0.0743 0.6052 -0.1229 0.1441 -0.5630 0.0253 -0.2064 -0.4130 -0.9112
0.8635 -0.4444 -0.2060 0.6334 -0.8258 -0.4309 0.2341 0.6364 -0.7723 0.0632 -0.3096 0.7597 0.0148 0.1496 0.7484 -0.9407 -0.0129 0.3508 0.4045 -0.9103 0.9856 -0.0988 -0.7370 0.8589 -0.4505 -0.6696 -0.2108 -0.2203 -0.1563 0.4597 -0.1780 0.7645 0.8152 0.3419 0.4281 -0.4837 0.2158 0.3492 -0.3813 -0.4065 0.6476 0.4369 0.9101 0.9081 0.6424 0.4428 -0.9969 0.7258 0.2728 -0.9958 -0.8977 0.4351 -0.4848 0.6592 -0.8810 -0.9189 0.2076 0.7432 0.3732 -0.4866 -0.7710 0.3306 -0.2323 0.6007
-0.0875 0.3253 -0.2619 -0.8154 -0.7580 0.1926 -0.1621 0.0992 0.5024 0.8006 -0.8580 -0.1915 -0.8396 -0.3578 -0.2905 0.4997 0.8835 -0.1746 0.3371 0.2922 0.3573 0.2929 -0.2762 0.7761 0.1873 0.1974 -0.9797 0.0043 0.2722 -0.7223 0.8266 -0.7685 0.2251 -0.6914 0.7474 -0.6563 0.4479 0.2758 -0.7589 0.4820 0.8049 0.0600 -0.8671 0.6580 0.0679 0.9825 -0.7157 0.6400 -0.9766 0.3898 -0.1559 0.0650 -0.4099 -0.1023 -0.0280 -0.8312 0.1544 -0.2013 -0.9125 0.8203 -0.7540 0.6160 0.1173 -0.5679
-0.3137 -0.0668 0.4583 0.6334 0.3046 -0.8652 0.6912 -0.2252 0.3850 0.7037 -0.1401 -0.1922 0.3459 -0.8448 -0.4492 0.0851 -0.3874 0.7235 0.5780 0.1806 -0.1072 -0.5474 0.5968 -0.2315 0.6448 -0.0998 0.7151 0.1585 0.8333 0.5187 -0.1380 -0.8023 -0.3623 0.7793 0.1644 -0.9754 -0.2577 -0.2599 0.2021 -0.9452 0.4112 -0.2141 0.3768 0.0516 -0.2509 0.0234 -0.6663 -0.6687 -0.1389 0.2915 -0.7148 -0.9104 0.7802 0.5238 -0.3082 0.8933 -0.6911 -0.3205 -0.9491 0.0345 0.2916 -0.2422 0.2738 -0.9866
-0.3188 -0.2283 -0.8566 0.5834 -0.1807 0.1920 -0.3776 -0.7975 0.3542 0.6943 0.2116 0.0622 -0.2708 0.6834 -0.5642 0.1604 0.9761 0.1194 -0.0920 -0.7895 0.3765 -0.6653 -0.7189 0.9441 -0.0288 -0.5430 -0.9449 0.9549 0.0109 0.0638 0.9280 -0.7284 -0.2316 -0.8014 -0.9220 -0.5823 -0.9381 0.8513 -0.2240 -0.1717 -0.6800 -0.2091 -0.9533 -0.3736 0.5124 -0.7059 -0.0830 -0.0243 -0.4215 -0.7399 0.8002 0.6710 -0.7677 -0.2592 0.9118 -0.2504 -0.3721 -0.0520 0.7768 -0.1117 0.2059 0.9897 0.6534 0.0908
0.9680 -0.8236 -0.4232 0.2138 0.9223 -0.6968 -0.2210 -0.9381 -0.2290 0.9415 -0.3192 0.5471 0.0828 0.9602 -0.6917 -0.0442 0.1074 0.0645 0.0834 -0.6633 0.5238 -0.5062 0.6673 0.6771 -0.1191 -0.2876 -0.3953 0.6536 -0.4813 0.4180 -0.6108 -0.6457 -0.8847 0.0149 -0.3151 0.3548 -0.4595 -0.5299 0.9328 0.6614 0.1154 0.0897 -0.3054 -0.6695 0.1609 0.1660 -0.7216 0.9994 -0.1119 -0.6990 0.2525 0.6335 -0.0222 -0.5854 -0.1964 0.5648 0.9877 0.4692 0.7606 -0.3990 0.2468 -0.3484 0.1388 0.5850
0.2413 -0.0771 -0.5974 0.4616 -0.2097 -0.7040 -0.9211 0.7051 -0.0489 0.4218 0.0860 0.8139 -0.5445 -0.7353 0.9281 0.1860 0.8189 0.1982 0.4443 -0.2931 0.0668 -0.0831 0.7399 -0.9240 -0.7387 0.4917 0.5810 0.0986 -0.7504 -0.8845 0.5884 0.3615 -0.4485 -0.0664 0.7542 -0.9311 0.8881 0.9392 -0.7024 0.8982 -0.0746 0.0258 0.9620 -0.8127 -0.0332 0.5092 0.7271 -0.0161 0.1775 -0.3951 -0.2493 -0.0172 -0.4284 0.0449 -0.5936 0.1254 0.5236 -0.1176 -0.2269 0.2115 0.0226 0.8375 -0.0153 -0.2755
0.1546 0.4514 0.7312 0.7889 0.9615 -0.0880 -0.1848 -0.1131 0.6550 0.2042 0.5291 0.1828 0.1471 0.6132 0.9121 -0.0470 -0.5991 0.9922 -0.7815 -0.8811 0.7079 -0.9937 -0.1217 0.2804 0.6939 -0.4031 0.7862 -0.5192 -0.8751 -0.3762 0.7669 -0.4879 -0.1034 -0.9384 0.0209 0.9431 0.2532 -0.5585 0.8528 0.4681 -0.9618 0.5252 -0.0463 0.8585 0.3754 -0.9389 0.4454 0.7441 0.3851 0.0545 -0.7311 0.2651 -0.4012 0.2889 -0.2826 0.6396 0.6089 -0.3332 -0.4425 0.4661 -0.5786 0.0572 0.9149 0.5868
-0.9823 0.9811 0.9956 -0.5987 0.3536 0.9893 0.6569 -0.8204 -0.4108 -0.9954 -0.9714 -0.9117 0.4757 -0.3164 0.6683 0.2658 0.4810 -0.8619 -0.7143 -0.9887 0.5069 0.8742 0.5378 0.6439 0.3171 0.6184 0.5322 0.7688 0.6918 0.4001 0.2272 -0.7912 -0.8228 -0.2018 -0.0247 0.4463 -0.8447 -0.4393 -0.1849 0.3748 -0.1858 -0.9510 -0.8680 -0.3877 -0.3024 0.0983 -0.7780 0.2642 0.6165 0.1541 0.8954 0.3955 -0.8554 -0.9878 0.9102 -0.7981 0.0452 0.7379 -0.4009 0.3635 -0.8463 -0.7741 0.0012 0.6841
0.5890 -0.5155 0.4142 -0.0435 -0.8995 -0.7096 -0.8542 0.4202 -0.1943 0.3337 -0.4094 -0.5778 -0.5352 0.7268 -0.4380 -0.1974 0.6070 -0.4150 0.8585 -0.6953 -0.1898 -0.4677 0.8122 -0.9559 -0.3570 0.1665 -0.0471 0.6845 -0.5479 0.0980 0.2810 -0.5615 0.9580 -0.9327 0.2070 -0.5707 -0.2844 -0.1678 0.2956 0.5192 -0.7542 -0.6243 0.7773 0.4396 0.0062 0.7339 -0.1013 -0.0921 0.1717 0.6429 0.2496 0.1093 -0.8564 0.2742 0.3652 0.0526 -0.5161 -0.0737 0.4279 -0.5307 0.6451 -0.3936 0.6079 -0.4201
0.1050 0.1266 0.0403 -0.7601 -0.7142 0.8336 0.5507 0.4413 -0.4572 -0.1971 -0.0066 -0.6828 -0.4315 0.7640 -0.7323 0.6476 0.2591 0.4434 -0.8913 -0.4569 0.4973 -0.1951 -0.3648 -0.7945 -0.9997 -0.6219 0.0223 0.5660 -0.9063 0.4301 -0.4477 0.1870 0.4140 0.7915 -0.8746 0.1665 0.6787 -0.0661 -0.9924 -0.3193 -0.5064 0.8809 0.4818 -0.8346 -0.3675 0.8618 -0.7962 0.6534 -0.2795 -0.7401 -0.4592 0.1300 0.6854 0.7331 -0.3733 0.1436 0.5779 0.8144 0.7837 0.8860 -0.1324 -0.1552 0.8199 -0.2454
-0.2454 0.8726 0.9282 0.3503 -0.8214 -0.7680 0.3740 -0.9154 -0.0124 0.1293 -0.2247 0.8603 0.2654 0.6885 0.4077 0.3517 -0.9913 -0.7218 -0.6661 -0.4915 0.4261 0.7510 0.3328 -0.6344 0.9321 -0.4431 0.5221 -0.7408 0.9015 0.3522 0.4051 0.8880 -0.4039 -0.4621 -0.7893 -0.0492 0.5636 0.2687 0.2883 0.9989 -0.9036 -0.7904 -0.2799 -0.0029 0.9136 -0.2298 0.0008 0.7316 -0.1345 -0.0481 -0.0846 -0.7780 -0.5822 0.2688 -0.2626 0.5416 -0.2604 -0.9942 -0.8953 0.7179 0.5351 -0.6280 -0.1670 0.1041
0.6444 -0.1684 0.7007 0.4393 -0.5760 -0.2577 0.3147 0.7395 -0.0554 0.4610 0.7603 0.2954 -0.5685 0.5925 0.3556 0.5080 0.2155 -0.9281 -0.4094 -0.2105 -0.7268 0.8616 0.3033 -0.7486 0.4772 0.4742 -0.3687 0.9492 0.2897 -0.8956 -0.2097 0.3644 0.4264 -0.0637 -0.6016 0.1584 0.7804 -0.8293 -0.4252 -0.9140 -0.2644 0.3337 -0.8838 0.6466 -0.7770 0.5640 0.0317 0.0876 -0.4648 -0.8003 0.6710 0.3761 -0.9706 -0.5162 -0.2418 0.8221 -0.3253 0.6765 -0.9613 0.4188 -0.7513 0.8977 -0.1727 -0.9372
-0.0143 0.4724 -0.1914 -0.3395 0.0619 0.8121 0.1903 -0.4666 -0.9802 0.4497 -0.0718 0.7553 0.9270 -0.9167 0.0381 -0.2047 0.3551 0.5246 -0.3763 -0.0902 0.5480 -0.4655 0.5458 -0.5604 0.0426 -0.7370 0.9520 0.7143 -0.7489 0.1507 -0.9661 -0.8472 0.5403 -0.2348 0.6143 -0.2645 -0.7596 -0.6365 -0.4688 -0.1290 -0.9649 -0.3358 -0.4134 -0.3164 0.5463 0.4781 0.0359 -0.5535 -0.3038 0.2837 -0.2565 0.1413 -0.9973 0.1362 -0.4004 0.3260 0.2929 0.0968 0.9484 0.7585 0.6941 0.3512 -0.9528 0.0939
0.7971 0.6595 0.5664 0.2123 0.5608 -0.4177 -0.0840 -0.5858 -0.2040 -0.6953 -0.3942 0.7989 -0.8686 0.4203 -0.5435 0.8748 -0.5068 0.2066 -0.0318 -0.0532 0.4949 -0.8806 -0.0524 0.3433 -0.8843 0.1644 0.9156 0.9804 0.8854 -0.5217 0.5704 0.0615 0.9827 0.3019 0.0890 0.2892 0.9255 0.1226 -0.8488 0.5539 -0.2686 -0.5900 -0.5492 0.4513 -0.6083 0.2395 -0.7184 0.7922 0.2448 0.6944 0.5626 -0.3697 0.1566 -0.4475 -0.7061 0.9633 0.6222 0.0545 0.2719 0.8128 -0.2237 -0.6722 0.3483 0.2856
-0.4802 0.6197 -0.3096 0.8948 0.8350 -0.3253 -0.4190 0.4500 -0.0600 0.0776 0.7803 -0.8787 0.4154 0.3800 -0.8756 0.3802 -0.7054 0.8612 -0.9843 -0.0054 0.2618 -0.5395 -0.1047 -0.9109 -0.7315 -0.1687 0.9159 -0.3962 0.0593 0.5222 -0.5162 -0.2915 0.0012 0.8981 0.3592 0.9246 -0.8475 0.2418 -0.4506 0.8573 0.6139 0.5217 -0.0807 0.0937 0.0932 -0.6394 -0.1344 -0.0828 -0.9122 0.1217 -0.6685 0.7279 -0.1089 -0.0373 -0.5816 0.7953 -0.9000 0.3487 0.6873 -0.7260 0.9624 0.9900 0.5863 0.0545
0.7076 -0.2163 -0.5160 0.3182 0.9213 -0.7822 -0.6061 0.2731 0.9029 -0.0035 0.9896 -0.1867 0.4234 0.9060 0.9623 0.0451 0.1391 -0.5618 -0.4809 -0.0821 -0.1260 0.8388 0.1871 -0.6478 -0.8538 -0.5721 0.2447 -0.9739 0.9624 -0.9716 -0.6198 0.6588 0.5852 0.4642 0.8158 -0.2899 0.8874 0.3966 0.9203 -0.2096 0.0429 0.9058 0.9546 0.9341 0.5146 -0.2144 -0.6767 0.7084 -0.0462 0.5462 0.4367 -0.3800 -0.5053 -0.5359 0.2812 -0.0835 0.3332 0.5627 -0.6746 0.9203 0.1302 0.5272 0.5433 0.7104
-0.0022 0.2061 -0.9758 0.6708 -0.9819 0.5688 -0.2859 -0.2460 0.8524 0.1040 -0.5426 0.6095 0.2687 -0.9079 -0.5558 0.6162 -0.3567 -0.6442 0.6961 0.0294 0.4577 0.6166 -0.8092 -0.4924 -0.1426 -0.5084 -0.9417 -0.1945 -0.0382 0.7893 0.3249 -0.9991 -0.7630 0.8028 -0.4222 -0.6924 -0.2043 0.9802 0.8391 0.9097 0.9865 -0.0106 -0.9102 0.0254 0.5220 -0.0369 -0.2566 0.2709 -0.2151 -0.8186 0.5085 -0.9348 0.8369 -0.8846 0.9019 -0.1113 0.1542 -0.4489 -0.2858 0.2441 0.5751 0.9849 -0.4980 -0.2274
0.1281 0.1477 -0.2828 -0.1688 0.3133 0.6945 -0.5192 0.8045 -0.6168 0.7547 0.8365 0.9487 -0.7964 -0.9450 0.0119 0.6796 -0.5583 0.5035 -0.9221 -0.5426 -0.9280 0.9126 -0.6496 -0.7036 0.7335 0.3591 -0.4350 -0.5502 0.9009 -0.1372 0.1632 0.4383 -0.1268 0.1266 0.1602 -0.1450 0.0334 -0.3473 0.5176 0.6793 -0.4350 -0.7124 -0.2939 -0.1398 0.7882 0.8075 0.8929 0.6917 0.7851 -0.1981 -0.1611 0.5262 0.5607 0.6463 -0.0473 0.7778 -0.0049 0.0890 -0.5906 -0.5911 0.1823 -0.4894 -0.6277 -0.4086
-0.3369 0.1876 0.7101 -0.9344 -0.5858 0.2721 -0.8577 -0.2713 -0.8620 -0.4095 0.8816 0.7590 0.0138 -0.0800 -0.1812 -0.8099 0.6218 0.6535 0.6717 -0.9047 -0.3356 0.4535 0.3872 0.5478 0.5422 -0.2948 0.3093 0.6496 -0.6968 0.0313 0.7518 -0.0734 0.0782 -0.9092 -0.4351 -0.4199 -0.1495 0.8620 -0.9249 -0.2164 -0.7443 0.0934 0.5311 0.0640 -1.0000 0.1809 -0.1669 -0.8773 0.0450 -0.2756 -0.8907 0.4463 0.9462 -0.5989 -0.5477 -0.5928 -0.3916 -0.9798 -0.3921 -0.1250 -0.5392 0.7655 -0.9971 -0.8962
0.4587 -0.6178 0.9337 -0.3798 -0.5514 0.4634 0.3261 0.2813 0.4838 -0.1681 0.6969 0.5181 -0.1547 0.2193 -0.3941 0.7921 -0.3494 0.6361 0.4252 -0.4944 0.6336 -0.4571 -0.6368 -0.7493 -0.2581 -0.3261 0.8039 0.9991 0.6134 -0.1885 0.9697 -0.5590 0.5085 0.5250 -0.2136 0.0849 0.1813 -0.7008 0.3220 -0.2386 -0.8431 -0.1711 0.0890 0.5077 0.4186 -0.9587 -0.6654 -0.4620 0.5613 0.0352 0.1675 -0.4623 0.9044 0.2569 -0.9152 -0.0363 -0.4693 -0.2766 0.2031 0.8984 -0.4069 0.2643 0.4288 -0.7401
0.5180 0.1202 -0.7950 0.5615 0.0277 0.4170 0.0178 -0.6558 -0.2614 0.9448 0.8658 -0.1024 0.6550 -0.6819 0.3944 -0.6396 0.4287 -0.8035 -0.0766 0.6070 0.8420 -0.7559 0.3892 -0.7497 0.4580 0.7009 0.7234 -0.3108 -0.4519 -0.9383 0.6141 -0.8962 -0.6095 -0.7157 -0.3093 -0.5732 -0.3288 0.3303 0.9571 -0.6853 0.7131 -0.7623 0.4023 0.5294 0.4541 0.3421 0.1241 -0.1294 0.8942 0.0986 -0.0075 -0.3760 -0.2390 -0.0350 -0.6739 0.0133 0.5724 -0.2255 0.4689 0.8131 -0.2313 -0.9679 -0.9496 0.5643
0.6780 -0.7512 -0.9772 0.5951 0.4074 0.2318 0.9405 0.6866 -0.1247 -0.8050 -0.5301 0.1180 0.4097 0.0022 0.6343 0.4124 0.0929 0.0686 0.9341 0.0815 -0.8967 -0.1408 0.0096 -0.3823 0.4369 -0.0355 0.7253 -0.7630 -0.6415 0.9230 0.6000 0.4288 0.1054 0.9049 -0.2069 -0.5465 -0.7366 0.7587 0.7306 0.6176 -0.6855 0.3543 -0.3804 0.2501 -0.4199 -0.3669 0.7428 0.6328 0.3454 0.0030 0.5934 -0.8582 -0.4991 -0.3743 0.2497 0.8706 0.1435 0.7014 0.6657 0.9638 0.8122 0.2560 -0.9757 -0.5050
0.3480 -0.6744 -0.8963 -0.6262 0.0977 -0.9604 -0.4247 -0.2186 -0.3864 -0.6171 -0.2941 -0.1767 0.2426 0.8700 -0.3319 -0.1389 0.4654 0.7560 -0.1909 0.2110 -0.8633 -0.5057 0.5675 -0.2883 -0.4285 -0.8322 -0.1345 -0.3331 0.3709 0.3551 -0.3351 -0.8558 -0.8868 -0.5892 -0.2522 -0.2371 0.8889 0.9641 0.2835 0.5697 0.3430 0.4670 0.2646 -0.7676 -0.6020 0.5620 -0.1633 0.5705 0.5019 0.2022 -0.7973 0.9807 -0.4443 -0.3495 -0.4474 0.8825 -0.1360 0.8295 0.9607 -0.9770 -0.8650 -0.0998 0.0374 0.9542
-0.6413 -0.7938 0.9414 0.0956 -0.7734 0.9579 -0.1928 0.1110 0.4758 -0.6204 0.4091 0.1644 -0.1545 -0.5911 -0.3070 0.0394 -0.2048 -0.8519 -0.4714 0.2110 -0.5893 0.0336 -0.0339 0.4803 -0.4629 0.2614 -0.4251 0.0992 0.3135 0.3796 0.9371 -0.7121 0.2073 0.1907 -0.8460 -0.6558 -0.8488 0.8510 0.9028 -0.8633 -0.4054 -0.1393 -0.8159 0.3916 0.1981 -0.0840 0.2473 -0.8158 0.2970 0.1068 -0.4652 0.2833 -0.9698 0.4076 0.9300 -0.2535 -0.4982 0.1273 0.3521 -0.0986 0.4133 0.3441 0.2200 0.1671
-0.3742 0.0515 -0.4578 -0.5010 0.1953 -0.9960 0.7322 -0.6518 0.8935 -0.7659 -0.7882 -0.1018 -0.6903 0.2245 0.8895 -0.5738 0.4731 0.8781 0.7660 -0.9866 -0.5947 0.5446 0.1752 0.2504 0.4023 -0.2529 0.3602 -0.8990 -0.1837 0.2550 -0.9692 -0.2288 0.1659 0.8725 -0.4938 0.0840 -0.0995 0.8793 0.9152 -0.5590 -0.2019 0.4515 0.6796 0.2345 -0.6229 0.4788 0.3449 -0.5707 0.9540 0.3300 -0.7962 -0.0039 -0.9834 0.4856 -0.1328 -0.3459 -0.8147 0.7801 0.4968 -0.8314 0.8291 0.6144 -0.1320 0.7226
-0.4826 0.6345 -0.1312 0.0255 0.4469 -0.1232 -0.9819 0.9925 0.1789 -0.5417 0.2266 0.0938 0.2754 0.3414 -0.5160 0.4017 0.4281 -0.5920 -0.8172 0.3080 -0.6015 0.6367 0.7549 -0.9000 0.4774 0.8230 -0.9725 -0.9410 -0.5032 -0.2881 -0.5712 -0.9684 -0.4584 -0.8457 -0.5049 0.8223 -0.8749 -0.2903 -0.0821 -0.1505 0.4655 -0.5693 0.2135 0.1942 0.3457 0.1896 -0.8377 -0.2556 0.9030 -0.3339 0.6770 0.7699 0.6102 -0.2334 0.6460 -0.0130 0.8654 -0.4334 0.0885 0.5735 -0.5994 -0.2051 0.2336 0.0272
0.4858 -0.4933 0.4758 0.9753 0.0429 -0.4170 -0.8631 0.5415 -0.2578 -0.1450 0.8415 -0.5876 0.1689 0.5994 0.0767 -0.3328 -0.4623 0.7304 -0.2631 0.8305 0.7907 0.7196 0.3329 -0.9300 0.5748 0.5747 -0.0913 -0.1773 0.2605 0.7474 -0.5032 0.2759 0.4109 0.6673 -0.1448 -0.0011 -0.1149 0.0701 0.2986 -0.7112 0.8726 0.5680 -0.8720 -0.1612 0.6495 0.0002 -0.4152 0.5702 -0.1122 0.1977 -0.9562 -0.5978 -0.3979 0.1805 0.0053 -0.1847 -0.8876 -0.0609 -0.0178 -0.9434 0.8542 -0.5799 -0.7892 -0.4379
0.5289 0.4259 -0.1807 -0.9770 0.3103 -0.1824 -0.4795 0.8481 -0.6810 -0.7762 -0.6791 0.0328 -0.8590 0.5730 -0.6287 0.8851 0.3284 0.4936 0.7634 0.4411 0.6283 0.6530 0.3703 -0.1076 -0.7791 0.6117 -0.4216 -0.9841 -0.3804 0.8491 -0.5001 -0.1134 0.0300 0.1068 0.0711 -0.4902 -0.2862 0.4851 -0.2924 -0.8467 0.6571 0.7453 0.5786 0.6562 -0.3844 -0.5679 0.8276 0.6186 0.9056 0.5727 -0.3465 0.2644 -0.2912 -0.2530 0.0113 -0.4570 0.8822 -0.5364 0.7526 -0.3628 -0.7949 0.8071 -0.2145 -0.8447
0.1067 0.6577 0.0063 -0.3022 -0.6123 0.0432 0.7176 0.5890 0.3539 0.7688 0.6758 -0.3104 0.7175 -0.0763 0.4967 -0.1710 -0.1216 -0.9735 0.2211 -0.4081 -0.6793 -0.0816 0.3473 -0.1778 -0.6415 0.4439 0.3879 -0.2304 -0.5408 -0.0212 -0.7649 -0.1408 -0.6694 0.4813 -0.9960 0.7259 0.4375 0.0638 0.4648 0.5789 0.0299 -0.4064 -0.6773 0.0827 -0.8329 -0.3095 -0.9617 -0.1716 -0.6685 0.4648 0.7817 0.7633 -0.5169 -0.7570 -0.2915 0.2693 -0.7893 0.1643 -0.5553 -0.7632 0.0384 -0.5762 0.2155 -0.3780
-0.5093 -0.6661 -0.8845 -0.5125 -0.2179 -0.4648 -0.5316 -0.3287 -0.5609 0.4988 0.9197 0.1438 0.2326 0.9725 0.1138 -0.1705 -0.1684 0.5077 -0.1421 0.7429 0.0818 0.3580 0.3929 -0.1763 0.4043 0.5072 -0.6566 -0.5927 0.0002 -0.3449 -0.1761 0.0934 0.7411 0.1508 0.2628 -0.9557 0.0650 0.8902 -0.7692 0.3933 0.2113 -0.0086 -0.7656 0.8663 -0.3256 -0.1218 -0.7143 0.9609 0.3841 0.0246 -0.5875 -0.7714 -0.2163 0.5296 0.7913 0.3578 -0.5914 0.5460 0.0156 0.9029 -0.1615 0.5530 -0.9638 0.2227
0.5855 0.7146 -0.8619 0.3465 -0.0515 -0.1838 0.1214 0.7712 0.2569 -0.5562 0.3773 0.4293 -0.4935 0.7631 -0.9800 0.4626 0.4469 0.3946 0.0713 0.5053 0.6722 -0.0699 0.6428 0.7483 0.6867 -0.5931 -0.0298 -0.7452 -0.3327 -0.4290 0.5831 0.0632 -0.0974 0.0211 -0.6331 0.6412 0.7099 -0.1909 0.7651 -0.0313 -0.0674 -0.9733 -0.8486 -0.1805 -0.2243 0.2955 0.6071 -0.9690 0.8035 -0.4382 -0.5931 -0.5841 -0.8661 -0.9160 0.7547 -0.0415 -0.2212 -0.6366 0.0835 0.4862 0.9361 0.6959 -0.8669 0.0912
0.2966 0.9634 -0.8518 -0.0990 -0.2491 0.0267 0.6076 0.9784 -0.1331 -0.5369 0.9944 0.8851 0.1181 -0.9143 -0.3577 -0.1072 -0.5598 -0.8600 -0.2990 0.4585 -0.2549 0.2168 -0.8626 0.4133 -0.2609 -0.2510 -0.0715 -0.2610 0.4455 -0.9094 0.3135 -0.3001 0.4175 0.8586 -0.9833 -0.2415 -0.5647 0.6627 0.3234 0.6847 -0.0320 -0.2535 -0.9894 0.2640 0.6090 -0.8093 0.5456 -0.7926 0.0968 -0.9027 -0.8671 0.1620 0.5330 -0.1479 0.1674 0.0961 0.5639 0.0421 0.5035 -0.2996 0.6060 0.3549 0.0360 0.5170
-0.7194 -0.9707 0.3423 -0.5855 0.2409 0.4265 0.4845 -0.2268 -0.6602 0.3250 -0.6100 -0.3061 0.7808 -0.2185 0.5000 -0.6826 0.8165 -0.4835 0.5174 0.2108 0.1943 -0.1337 0.3083 0.5486 0.7783 0.7052 0.1576 0.0833 0.2648 0.5165 -0.6870 -0.3862 -0.0522 -0.1701 0.4328 0.4256 -0.4581 -0.2276 -0.5955 0.1770 -0.3723 -0.6293 -0.5170 0.1995 -0.5702 0.7230 -0.1503 0.7373 0.8157 0.4487 0.0141 0.4915 -0.6242 0.1159 -0.8461 0.1693 0.3923 -0.7327 -0.2344 -0.1123 0.6437 -0.0984 0.3190 0.9170
0.5925 -0.1378 -0.4561 0.0987 0.3847 0.0665 -0.4719 0.2735 0.8781 0.4965 0.2727 -0.5499 -0.3510 0.0574 -0.4610 0.6518 -0.6181 -0.0738 0.3893 -0.4431 -0.5626 0.3094 0.1906 0.6475 -0.4707 -0.8737 0.3239 0.5536 0.6299 0.6433 0.5561 -0.0770 0.5217 0.9666 -0.6246 0.5734 -0.8232 0.5473 0.3979 0.4957 -0.2633 -0.6988 -0.1353 -0.5655 -0.9377 -0.0720 -0.4808 -0.4720 -0.9326 -0.1695 0.7584 0.7769 -0.5132 0.6487 0.1147 0.2601 -0.9220 0.7162 0.3337 0.5675 -0.3539 -0.1420 0.7958 -0.5979
0.7762 0.0284 -0.3494 0.4725 0.8019 -0.1272 0.9923 0.3335 0.6508 -0.8113 0.6897 0.4960 -0.5020 0.6254 0.1534 0.4137 -0.8655 0.9345 -0.8102 0.6533 0.9978 0.8062 -0.3467 0.8671 0.4964 0.6027 0.6133 0.3485 0.7160 -0.9886 0.9953 -0.0683 -0.5170 0.1423 -0.9193 -0.3919 -0.1776 -0.3638 -0.7398 0.9223 -0.9551 0.7834 -0.2791 0.6984 0.5675 -0.1880 0.1324 -0.9726 -0.3744 -0.8396 0.3087 -0.3756 -0.5360 -0.9685 -0.9712 -0.9657 0.5287 0.8332 0.2475 0.4123 0.5246 -0.3821 -0.9221 -0.7347
0.6742 0.0233 0.2391 -0.9893 0.1268 0.8768 0.2492 -0.1704 0.7289 -0.1953 0.1739 -0.2188 0.1619 -0.8613 0.9814 0.2766 0.5135 0.4660 -0.1154 0.3523 0.4148 -0.7231 -0.2215 0.1577 -0.5422 0.1390 0.1937 0.7368 0.8564 -0.2417 0.8583 -0.2570 -0.3162 0.2371 0.0554 0.2661 -0.5767 -0.0614 0.9913 -0.1139 0.9622 -0.0117 0.2990 0.7221 0.6088 -0.0777 0.4302 0.8799 0.1863 0.0080 -0.8933 0.8984 -0.0905 0.6657 0.3496 -0.2751 0.3551 0.7273 -0.2538 -0.7799 0.8834 0.8501 -0.6653 0.2633
0.0007 -0.8912 0.3818 0.2885 0.3943 0.9485 0.2973 -0.8604 -0.4494 0.1094 -0.6876 0.4956 0.2719 0.6205 0.1986 -0.1723 -0.6413 -0.5917 0.4103 -0.9153 -0.0897 0.1595 0.3355 -0.0942 0.6747 0.8975 -0.6605 -0.8788 -0.9617 0.3708 0.5582 -0.9501 0.2194 -0.6571 0.3993 -0.0928 0.6763 -0.0903 0.6056 0.3714 0.9218 0.8204 0.0719 0.2781 -0.0230 0.9071 -0.1962 0.7632 -0.6926 0.1690 0.1452 0.6676 -0.4460 0.2852 0.8426 -0.8429 0.1664 0.4811 0.1857 -0.8102 -0.2902 0.1882 -0.8960 0.4053
-0.9365 -0.8669 -0.1533 -0.5384 -0.8309 0.8313 0.2137 0.2326 0.7619 -0.5074 0.7658 0.3814 0.3181 0.1936 -0.5775 0.0032 0.7260 0.9524 0.7722 0.3669 -0.6067 -0.2491 0.4749 0.6001 -0.4270 0.7692 0.6053 -0.7496 0.9945 -0.5989 -0.9399 -0.5675 0.7947 0.3824 0.2453 0.2061 0.9468 0.2380 -0.0700 0.8815 0.6948 0.5518 -0.8752 -0.7441 -0.3294 -0.3050 -0.8660 -0.1292 0.9507 -0.2081 0.6339 0.3386 0.7051 0.7838 0.8759 -0.3879 -0.8298 0.1038 -0.2288 0.5788 -0.8579 -0.1676 -0.5784 -0.6638
-0.5413 -0.0501 -0.0618 -0.8896 -0.4629 0.8848 -0.7980 -0.8504 -0.6650 -0.1231 -0.7054 0.0598 0.9462 0.9706 0.5186 -0.6680 0.9355 -0.7711 -0.1205 -0.9826 -0.4433 -0.6889 0.5966 -0.5855 -0.3475 0.2612 -0.4012 -0.5606 -0.5350 -0.9590 -0.7406 0.6532 -0.4871 -0.2688 -0.2894 -0.2926 0.3480 -0.3950 -0.8749 0.9507 -0.5790 -0.6598 0.6180 0.7965 -0.7062 0.5536 -0.3147 -0.8470 0.7293 0.9735 -0.6901 -0.4573 -0.8345 -0.8028 -0.0309 0.6586 -0.3952 0.4134 0.1268 0.2344 0.6076 -0.6880 -0.7257 -0.0430
0.1614 0.5611 0.0110 -0.3928 -0.7118 -0.3766 0.2480 -0.9937 -0.4527 -0.6515 -0.0243 0.7508 -0.8355 -0.1165 -0.0808 0.9685 -0.3871 -0.2086 0.6448 0.4304 -0.8860 -0.4362 -0.1628 -0.2724 -0.0831 -0.6185 0.4500 -0.3059 0.1486 0.0945 0.3344 0.9835 0.5541 0.3284 0.7244 -0.6015 -0.3722 -0.9101 0.0760 -0.7473 0.6802 0.1251 0.9789 0.5303 0.7790 0.8808 -0.2571 -0.9684 -0.6097 0.0455 -0.0212 -0.0583 0.4833 0.3121 -0.0149 0.1192 -0.0336 0.3741 0.6765 0.3162 -0.2772 -0.7660 0.7196 0.5994
-0.1864 -0.7535 -0.3435 0.3971 -0.0920 -0.1677 0.5249 0.0277 -0.7480 0.8066 -0.6072 0.7798 0.9029 0.6357 -0.6490 0.0203 0.1355 0.4725 0.1586 0.0258 -0.0208 0.7392 0.2895 -0.1944 -0.5403 0.9405 0.1053 0.8646 -0.2557 0.4832 0.3233 -0.4412 -0.7176 -0.7367 0.1418 0.7094 -0.6295 -0.6694 -0.4427 0.7085 -0.5626 -0.0185 -0.6343 -0.1869 0.6514 0.8064 -0.4286 0.2077 0.8542 0.1532 0.9399 0.1175 0.1425 -0.2577 -0.7140 0.5713 -0.2509 -0.4944 0.5955 0.8778 -0.2652 0.7880 -0.8260 -0.3250
0.1136 0.4589 0.6902 0.1464 0.5919 -0.3247 -0.6498 0.9770 0.3455 -0.9495 -0.5590 -0.4947 -0.5636 0.0401 0.7481 0.0439 -0.5007 0.1779 -0.4735 0.5034 -0.9987 0.2470 0.7413 0.2006 0.5852 -0.8930 0.2547 -0.2469 0.5005 -0.5359 -0.6959 -0.4693 -0.0834 0.1087 -0.2976 -0.6010 -0.8124 -0.4121 -0.0277 -0.5258 0.8415 0.8970 -0.9199 0.8893 -0.4171 0.2199 -0.5849 0.8490 -0.5237 0.5716 0.8169 0.1799 -0.0639 -0.9871 -0.0674 0.5450 0.5212 0.4050 -0.6910 0.2305 -0.0255 0.5208 -0.1400 0.0258
0.1938 0.4082 0.9991 0.8703 0.5389 -0.2484 -0.2043 0.4162 0.6551 -0.0486 -0.6586 0.3488 -0.9391 0.5258 -0.5911 -0.9091 -0.3192 0.2932 0.0212 -0.5465 0.2303 0.3401 0.8212 -0.0633 0.0197 0.5471 0.0026 -0.7532 -0.8995 0.2526 -0.9302 -0.4431 0.1023 0.7060 -0.1236 0.8568 0.6784 0.9928 -0.6786 0.5920 -0.9501 0.5075 -0.1019 -0.5690 -0.5250 -0.3280 -0.9008 -0.0686 0.4492 0.5468 -0.7768 0.8299 0.2166 -0.6217 -0.4379 0.8447 -0.6530 0.3912 -0.2405 0.2215 0.6029 -0.6003 -0.2158 -0.8889
0.5015 0.1369 -0.7490 0.3030 0.5455 -0.5784 -0.5261 0.1129 0.3548 0.7130 0.1316 0.6701 0.8583 0.8547 -0.2254 -0.2682 -0.8677 -0.3639 -0.9617 0.4989 0.6537 -0.1378 0.0495 -0.8249 0.5505 -0.4344 -0.5311 -0.1628 -0.3098 -0.4150 -0.9398 -0.3356 0.9230 -0.4124 0.3357 -0.9170 0.8664 0.2742 -0.4690 0.1946 0.2229 0.3068 0.3570 -0.6154 -0.3649 -0.4087 0.6962 0.2392 0.8943 0.1993 0.7697 0.0127 0.4781 -0.2992 -0.4451 0.8259 -0.4368 -0.3205 0.9267 -0.0888 -0.9794 0.3562 0.4321 0.0860
0.4125 -0.3062 0.2454 -0.1287 0.9802 0.5890 -0.3762 -0.4437 -0.3201 -0.7155 -0.8421 -0.3737 -0.1144 0.6991 -0.4779 -0.8220 -0.3132 0.9834 0.6691 0.0820 0.8710 0.9697 -0.6285 0.8780 -0.2550 -0.0944 0.8573 -0.6030 -0.8764 -0.6702 -0.8153 -0.5200 -0.6744 0.4203 0.1904 -0.4541 -0.6991 -0.3171 0.9362 -0.1024 -0.1066 0.8265 0.0030 -0.6212 -0.5067 -0.9899 -0.0581 -0.8798 0.3238 0.8095 0.5024 0.2950 0.5077 -0.4539 0.1558 -0.6456 0.8087 -0.4115 0.6348 -0.7704 0.5141 0.8831 -0.8888 0.5684
-0.9862 -0.0752 -0.5751 0.7299 0.3270 -0.5011 -0.1776 0.4342 -0.1952 0.7123 0.7692 -0.2865 0.7911 0.5149 0.8184 -0.4099 -0.3722 -0.4023 0.3821 -0.7859 -0.4567 -0.1199 -0.6188 0.4594 -0.6307 0.8804 -0.3158 0.2076 -0.1401 0.7263 0.6619 0.6450 -0.7602 -0.6533 0.4699 -0.0284 0.0629 -0.7662 -0.4241 0.3643 -0.0144 0.8998 -0.4001 -0.7258 0.1922 0.4678 -0.1323 0.2645 -0.6712 0.1672 -0.7668 -0.2198 0.0934 -0.2897 0.8048 -0.9095 -0.3121 -0.5642 0.4660 -0.9696 0.3173 0.1628 0.8631 -0.7883
0.6420 0.7460 0.1332 0.0463 0.3141 0.3994 0.7968 -0.1783 -0.2010 0.1212 -0.3464 0.8853 -0.9784 -0.8345 0.6531 -0.4921 0.6020 0.5600 -0.7911 -0.8025 0.1537 -0.8487 -0.0720 -0.2769 -0.7626 -0.8157 0.9611 0.1702 -0.5706 -0.5474 -0.8655 0.7914 0.1897 0.5670 0.4777 0.3994 -0.9351 0.2339 0.3174 0.7269 0.0646 -0.5539 -0.7935 0.7462 -0.6550 0.5790 0.1359 0.4963 -0.4073 0.1225 0.8766 -0.5075 0.6375 -0.1529 0.9671 0.5871 -0.4807 -0.9364 0.9394 0.5641 -0.1375 -0.5199 -0.3050 -0.7114
-0.8993 -0.7686 -0.8945 -0.9455 0.3840 0.0472 -0.0841 -0.5635 -0.5470 0.9789 0.2279 0.1489 -0.4943 -0.7242 0.1553 0.3775 -0.2816 0.7955 0.6471 0.4904 0.6414 -0.8471 -0.0453 0.7918 -0.2984 0.5879 -0.2749 -0.6834 0.6114 -0.8964 -0.3436 0.1146 -0.5819 -0.6879 -0.8306 0.6692 -0.0666 -0.2833 -0.0357 0.8258 0.6818 0.1314 -0.5575 -0.6347 -0.2380 -0.7208 0.6168 0.1529 0.6472 0.5238 -0.2308 0.5630 -0.0818 -0.4485 -0.3934 -0.5915 0.8651 -0.9665 -0.7627 0.3584 0.8675 -0.8469 0.3677 -0.1585
0.0631 0.2034 -0.9347 0.8742 -0.0488 -0.3764 -0.1845 -0.5005 -0.6776 0.3083 0.3128 0.2385 0.9423 -0.3358 0.1244 0.8562 0.4295 0.6897 -0.8631 -0.5520 -0.1647 -0.5217 -0.7673 0.0246 0.2256 0.5471 0.8770 -0.9119 0.3236 0.3867 -0.8464 0.2965 -0.2907 -0.5370 0.1013 0.3627 -0.1936 0.8804 0.6673 -0.9064 0.6293 -0.3607 0.2237 -0.1236 -0.2531 0.7985 -0.4893 0.9245 -0.7883 -0.1118 -0.2902 0.5001 -0.1737 0.0633 0.3516 0.0756 0.3163 -0.4438 -0.8598 -0.5661 -0.2095 -0.4240 -0.6364 0.1127
-0.6864 -0.9417 0.6546 0.8145 -0.9162 -0.6874 -0.1616 -0.5598 -0.6636 0.0366 0.7587 0.4202 0.1141 -0.8085 -0.5372 -0.3646 0.0049 0.9373 0.4630 -0.4753 0.9162 -0.3739 -0.5591 0.6730 0.7724 -0.8996 0.8686 -0.0708 0.8328 -0.2408 0.2708 -0.3668 0.2596 -0.4286 -0.1936 -0.8173 0.5048 -0.3703 0.0626 -0.9139 0.3549 0.5619 -0.1431 -0.2035 0.4630 -0.1122 0.6489 0.7872 -0.7071 0.3161 0.6659 -0.9839 0.0806 0.8863 0.6893 -0.5257 -0.1374 -0.7848 -0.2419 0.5363 0.8301 0.0010 -0.4977 -0.1325
0.6884 -0.5010 -0.0320 0.0949 0.0282 -0.4512 -0.3831 0.8032 0.1461 -0.5696 -0.3496 0.7687 -0.9215 0.1188 -0.4560 0.6570 -0.9872 0.4257 0.9567 0.3934 0.9315 -0.3513 -0.2097 -0.5322 0.4567 -0.5782 -0.3084 0.7144 0.3422 0.6409 0.6109 -0.1189 0.8935 -0.7352 -0.1996 -0.2355 0.5666 0.2387 -0.4681 -0.0912 0.9807 0.5604 -0.9485 0.9952 0.2071 -0.6177 0.3190 -0.0807 0.3761 -0.1380 -0.7592 -0.3910 0.8771 -0.6038 -0.6376 -0.8686 0.2455 0.7742 -0.5546 -0.1603 -0.3856 -0.0062 0.0929 0.8339
-0.1656 0.5526 -0.6795 -0.7390 -0.6581 0.1308 -0.1637 -0.1155 0.5146 0.5944 0.7959 0.4485 -0.8317 0.3808 -0.2138 -0.3189 -0.7995 0.6099 -0.9668 -0.8952 0.3234 -0.6808 0.2049 -0.3288 -0.6740 -0.8464 -0.5324 -0.5300 -0.9526 0.6603 0.6699 0.8965 0.9494 -0.3908 -0.7291 -0.4710 -0.5370 -0.4402 0.7368 -0.4446 0.8529 -0.9281 -0.1607 0.8538 -0.8988 -0.5726 -0.9212 -0.1600 0.1479 -0.9806 -0.2142 0.7159 -0.9427 0.4623 0.1665 0.8935 -0.9774 0.5632 0.5747 -0.3726 -0.3871 -0.5043 -0.9195 0.3954
0.1767 -0.2718 -0.2046 0.1324 0.9476 -0.9875 0.0884 -0.8762 -0.4495 0.0707 0.4189 0.1321 -0.4570 0.5029 0.8085 -0.7361 -0.2506 0.0264 0.0997 -0.6111 -0.8989 -0.8136 -0.1478 -0.1790 0.6647 -0.6733 0.6113 -0.5564 -0.5514 -0.3649 -0.5478 -0.4812 0.6346 -0.8248 0.8608 -0.8202 -0.8093 -0.6135 -0.0999 -0.8989 -0.3251 0.2529 0.7414 -0.4253 -0.8330 -0.4405 -0.5777 -0.3360 0.5049 0.3256 -0.8974 0.7413 -0.0149 0.5182 -0.1158 0.4551 -0.3312 -0.0312 -0.2109 0.3876 0.0599 0.1055 -0.6773 -0.5675
0.1440 -0.5828 0.6109 -0.4072 0.5203 0.8216 -0.6922 0.0948 -0.7015 0.4678 -0.4637 -0.3069 -0.2779 -0.1846 -0.1831 -0.7489 0.3594 -0.6574 -0.8866 0.6547 -0.9307 0.1697 -0.2162 -0.3249 0.3943 0.6057 -0.6131 -0.5070 0.2830 0.9521 -0.4803 -0.3104 0.7722 -0.3254 0.7914 -0.3762 -0.4054 -0.7558 -0.5400 -0.7777 -0.1774 0.2962 -0.5189 0.7502 0.3448 0.5810 0.6521 -0.7178 0.3462 0.0912 0.6487 -0.7888 -0.2060 -0.9094 -0.6874 0.3128 0.4759 0.0703 -0.2791 -0.8360 0.3425 -0.9301 -0.4587 0.9795
-0.8375 -0.9400 0.9852 -0.1109 -0.6876 0.0092 0.9768 -0.7654 0.9546 -0.6619 0.5876 -0.2964 0.3188 0.5234 0.1556 0.0142 0.7322 0.2758 -0.4211 0.9703 -0.0646 0.5360 0.2388 -0.1313 -0.1776 -0.1071 -0.1450 0.2375 -0.3394 0.3307 0.1285 0.0014 0.7011 0.2897 -0.5969 -0.9529 0.8689 -0.1408 0.3782 -0.4421 0.6465 -0.7417 0.1124 -0.8009 0.5590 0.2064 -0.9676 0.0472 0.6368 -0.4928 -0.9197 -0.0581 0.7798 -0.0155 0.9839 -0.6100 -0.4119 0.3042 -0.5794 0.5618 0.5307 0.5829 -0.4939 0.2049
0.7311 0.0233 -0.7943 -0.8780 -0.7481 -0.4243 0.9583 -0.8135 0.3477 0.9276 0.6938 -0.7298 -0.3513 -0.6964 0.3530 0.7792 0.1885 0.8879 0.2063 0.5317 0.3651 -0.9892 0.1507 -0.9973 -0.1419 -0.2438 -0.4482 -0.7132 0.5372 -0.9632 -0.5475 -0.0719 0.3847 0.8861 -0.5333 -0.3524 0.2507 0.3223 0.4942 0.3045 -0.5626 -0.4978 -0.8801 0.3009 -0.7381 -0.5753 0.2120 -0.7560 0.6989 0.4028 -0.9100 -0.7731 0.4683 0.9938 -0.3174 -0.6331 -0.0429 0.1883 0.8577 -0.1773 -0.3361 -0.7472 -0.0693 -0.9443
