128
64
0.542969 0.0996704 0.185913 0.04245 0.130615 0.00188732 0.604492 0.371582 0.918457 0.919434 0.467529 0.390381 0.287598 0.373047 0.273193 0.300537 0.442871 0.404785 0.28125 0.408447 0.992676 0.978027 0.0963135 0.495361 0.496826 0.166138 0.777832 0.910156 0.334717 0.145142 0.717285 0.877441 0.244873 0.90332 0.919922 0.375488 0.905273 0.524414 0.74707 0.82373 0.443604 0.214355 0.213989 0.731445 0.587402 0.487305 0.0318909 0.0301971 0.89209 0.312988 0.438721 0.884766 0.29126 0.535156 0.379883 0.788086 0.701172 0.157837 0.698242 0.0357971 0.302979 0.415527 0.913086 0.547852
0.318848 0.833496 0.92334 0.224121 0.357666 0.669922 0.0478516 0.80127 0.884277 0.261719 0.532715 0.471924 0.749023 0.564453 0.501953 0.641113 0.877441 0.940918 0.525391 0.168823 0.47583 0.905273 0.956543 0.17688 0.0631714 0.654785 0.212769 0.365967 0.0704956 0.126099 0.914062 0.389404 0.959473 0.836914 0.61377 0.316895 0.506836 0.661621 0.118347 0.391602 0.92334 0.650879 0.863281 0.672363 0.215576 0.365479 0.313232 0.0931396 0.306152 0.838867 0.261963 0.781738 0.744141 0.218628 0.958984 0.807129 0.873535 0.171509 0.173218 0.944336 0.297607 0.0870972 0.333496 0.256836
0.923828 0.947266 0.57373 0.431152 0.608887 0.692383 0.822754 0.531738 0.343262 0.686035 0.204224 0.558594 0.0513916 0.517578 0.651855 0.357666 0.356201 0.914062 0.139404 0.100159 0.132568 0.0982666 0.907227 0.00617599 0.269775 0.0806274 0.950195 0.567383 0.167725 0.283936 0.824219 0.0917969 0.231079 0.398193 0.522949 0.839844 0.0903931 0.345459 0.371826 0.433594 0.0314941 0.575684 0.992188 0.0828857 0.0933228 0.644531 0.44043 0.449463 0.558105 0.580078 0.549805 0.690918 0.678223 0.457031 0.696777 0.947754 0.537598 0.647461 0.515137 0.705078 0.931152 0.3396 0.796875 0.162231
0.737793 0.319824 0.00198174 0.828125 0.665527 0.373779 0.261719 0.696777 0.949707 0.25415 0.779785 0.0429382 0.898438 0.220337 0.492432 0.456787 0.800293 0.0419312 0.147583 0.478271 0.498779 0.844727 0.42627 0.036438 0.491943 0.941895 0.741699 0.423096 0.28125 0.538574 0.585449 0.019104 0.858887 0.587402 0.847168 0.523926 0.960938 0.10907 0.221069 0.910645 0.363281 0.000855923 0.953613 0.261719 0.221191 0.445801 0.718262 0.021347 0.487793 0.866211 0.499756 0.986816 0.710449 0.92627 0.023056 0.202515 0.867676 0.764648 0.625488 0.149048 0.303467 0.210693 0.168213 0.162109
0.797852 0.0154495 0.686035 0.758789 0.124512 0.907227 0.669434 0.487793 0.908203 0.622559 0.749512 0.129272 0.0686035 0.467773 0.150635 0.556152 0.333984 0.650391 0.542969 0.0444946 0.576172 0.565918 0.246948 0.444092 0.330811 0.872559 0.593262 0.634277 0.0831299 0.76123 0.796387 0.880859 0.776855 0.482666 0.639648 0.901367 0.389893 0.309082 0.38916 0.298096 0.931641 0.138428 0.427246 0.000442028 0.606445 0.578125 0.556641 0.94043 0.228271 0.0997314 0.984863 0.804688 0.666016 0.231689 0.248779 0.996582 0.104187 0.841797 0.630859 0.187256 0.603516 0.427246 0.0682983 0.380371
0.910156 0.708008 0.281494 0.299805 0.0172272 0.670898 0.598145 0.949219 0.809082 0.0252838 0.949707 0.415527 0.603027 0.506348 0.355713 0.831543 0.605957 0.340576 0.63623 0.271973 0.572266 0.884766 0.268555 0.67627 0.727051 0.899414 0.86377 0.330322 0.32666 0.932129 0.710449 0.236572 0.640137 0.992188 0.536621 0.657715 0.663086 0.134521 0.606445 0.471924 0.15979 0.556152 0.887695 0.763184 0.062439 0.243286 0.594238 0.668457 0.583984 0.230469 0.94043 0.15625 0.115356 0.208862 0.83252 0.842285 0.108154 0.696777 0.172607 0.434814 0.628906 0.883301 0.671387 0.269043
0.875488 0.208008 0.92627 0.538086 0.342529 0.533203 0.0101395 0.502441 0.0891113 0.897461 0.265137 0.151489 0.140991 0.859863 0.819824 0.725098 0.0901489 0.760254 0.881348 0.205566 0.969238 0.713867 0.04776 0.0775146 0.4104 0.220337 0.512207 0.0391235 0.103455 0.183716 0.308105 0.978516 0.391602 0.234497 0.51709 0.734375 0.767578 0.526855 0.236328 0.856445 0.424805 0.501465 0.0080719 0.565918 0.361328 0.828125 0.290527 0.451416 0.588379 0.171753 0.656738 0.558105 0.885742 0.70459 0.635254 0.296143 0.924805 0.147705 0.335205 0.0284271 0.331543 0.643066 0.00717545 0.723145
0.877441 0.523926 0.457275 0.64502 0.0510864 0.693848 0.501465 0.47583 0.195312 0.509766 0.0414734 0.556641 0.337891 0.332031 0.00786591 0.92627 0.503906 0.664551 0.484375 0.389404 0.369385 0.119812 0.685547 0.294189 0.267578 0.0207367 0.322754 0.599121 0.664062 0.329834 0.322266 0.541504 0.854004 0.779297 0.186768 0.905273 0.473145 0.688477 0.380859 0.668457 0.19812 0.422363 0.225098 0.536133 0.754395 0.23291 0.462402 0.258301 0.897461 0.946777 0.647461 0.26709 0.0665283 0.333252 0.561523 0.333984 0.354004 0.883789 0.933105 0.0178833 0.213867 0.255371 0.55957 0.0678711
0.0348206 0.746094 0.973145 0.508301 0.43457 0.35376 0.176636 0.632812 0.775879 0.401611 0.168701 0.530273 0.634766 0.630859 0.788574 0.532227 0.577637 0.436279 0.799316 0.644531 0.769531 0.360596 0.978516 0.123352 0.244629 0.911621 0.141235 0.458496 0.166748 0.700684 0.526367 0.20166 0.447021 0.499268 0.709473 0.881836 0.853027 0.88623 0.514648 0.628906 0.288086 0.683105 0.159546 0.922852 0.314453 0.948242 0.454834 0.89209 0.384277 0.25415 0.536621 0.153809 0.614746 0.515137 0.2771 0.859375 0.426514 0.418457 0.318115 0.593262 0.119202 0.844238 0.794922 0.566406
0.34375 0.504395 0.447998 0.196777 0.390869 0.962402 0.825684 0.678711 0.645996 0.985352 0.601562 0.960449 0.933594 0.0565186 0.852539 0.317871 0.310791 0.38916 0.47168 0.925781 0.904297 0.749023 0.785156 0.330566 0.167236 0.103088 0.923828 0.286377 0.947266 0.71875 0.852539 0.29126 0.223511 0.300781 0.488037 0.614258 0.263428 0.313721 0.293457 0.90918 0.299072 0.89502 0.869629 0.232666 0.95166 0.722168 0.550293 0.262207 0.111023 0.0221405 0.187866 0.0150757 0.770996 0.972656 0.345703 0.937988 0.0759888 0.269775 0.224609 0.0234375 0.98877 0.0772705 0.314697 0.212158
0.37793 0.802734 0.82666 0.641602 0.116333 0.119934 0.550781 0.415527 0.0148315 0.420166 0.647949 0.966309 0.14209 0.198608 0.228516 0.253174 0.220703 0.41626 0.268066 0.991699 0.38916 0.61377 0.929688 0.465088 0.883301 0.154541 0.488525 0.87207 0.231812 0.803223 0.0841675 0.609863 0.605469 0.910645 0.251221 0.722168 0.0305939 0.801758 0.137573 0.0454407 0.221924 0.785645 0.0116882 0.364014 0.984375 0.240112 0.617188 0.205078 0.65625 0.885254 0.196777 0.0455627 0.499023 0.126709 0.510742 0.382568 0.28125 0.999023 0.254639 0.513184 0.802246 0.338623 0.122864 0.408203
0.24939 0.374023 0.130127 0.280029 0.175903 0.267578 0.325439 0.397949 0.0533447 0.337158 0.761719 0.0376282 0.577148 0.37915 0.242676 0.233765 0.26416 0.439453 0.279297 0.763184 0.565918 0.790039 0.145874 0.847168 0.789062 0.400391 0.360352 0.591797 0.739258 0.483154 0.999512 0.98877 0.857422 0.129761 0.268555 0.0331421 0.397461 0.594238 0.431152 0.450928 0.931152 0.192993 0.488525 0.508789 0.572266 0.730957 0.742188 0.836426 0.170532 0.0216064 0.599609 0.736816 0.811523 0.745605 0.583984 0.600586 0.145874 0.943848 0.192383 0.885254 0.427246 0.192017 0.873535 0.284424
0.321777 0.142456 0.317627 0.719238 0.736328 0.748535 0.170166 0.667969 0.941406 0.658691 0.176392 0.513672 0.389648 0.918945 0.349854 0.560059 0.94043 0.949707 0.296875 0.751953 0.694824 0.880859 0.352783 0.84082 0.824707 0.544922 0.726074 0.251953 0.737305 0.599609 0.536133 0.0590515 0.742188 0.853516 0.77832 0.47876 0.602539 0.94873 0.146606 0.543945 0.607422 0.322998 0.0575867 0.99707 0.241699 0.407471 0.557129 0.182129 0.357178 0.854004 0.934082 0.052124 0.734863 0.286865 0.893066 0.55957 0.832031 0.619141 0.811523 0.568848 0.218872 0.347656 0.62793 0.960938
0.201416 0.406494 0.439697 0.803711 0.35498 0.586426 0.347656 0.962402 0.90918 0.405273 0.959473 0.151001 0.812988 0.516602 0.333252 0.169922 0.37085 0.26709 0.222046 0.105469 0.554199 0.115051 0.665039 0.385742 0.734375 0.476318 0.955078 0.953125 0.82373 0.583008 0.914062 0.0253601 0.989258 0.35376 0.829102 0.344482 0.939941 0.176758 0.306885 0.849609 0.582031 0.266113 0.000445366 0.394775 0.782715 0.333496 0.564453 0.153564 0.600586 0.786621 0.259033 0.154785 0.901855 0.924316 0.540527 0.635742 0.400391 0.495361 0.588867 0.224365 0.0783691 0.50293 0.249756 0.067749
0.856934 0.0788574 0.412109 0.796875 0.255615 0.719238 0.645996 0.837402 0.985352 0.646484 0.2323 0.768066 0.980469 0.796875 0.921875 0.581055 0.583496 0.180908 0.73584 0.485107 0.10498 0.276367 0.121033 0.505371 0.771973 0.709961 0.72998 0.850098 0.212769 0.979492 0.917969 0.069458 0.0584412 0.330078 0.866211 0.313965 0.0492554 0.512695 0.151611 0.0345459 0.15918 0.383789 0.802734 0.139404 0.180786 0.724609 0.720703 0.76416 0.905273 0.456299 0.249634 0.0103378 0.73291 0.370605 0.515625 0.504395 0.0804443 0.245605 0.35498 0.293213 0.225098 0.272949 0.362549 0.283447
0.603027 0.228882 0.597656 0.652344 0.741211 0.749023 0.687012 0.900391 0.133057 0.489502 0.0400085 0.313965 0.213989 0.760742 0.0782471 0.119385 0.216797 0.327881 0.129761 0.949707 0.698242 0.645508 0.454102 0.778809 0.891113 0.809082 0.0720825 0.11615 0.0819092 0.434814 0.399658 0.685059 0.663574 0.99707 0.337158 0.405029 0.746582 0.0240479 0.305664 0.879395 0.513672 0.345703 0.193359 0.727539 0.10614 0.271484 0.847168 0.322998 0.599609 0.977051 0.272461 0.297852 0.62207 0.726562 0.0767822 0.513184 0.535645 0.148926 0.629395 0.617676 0.583496 0.0292206 0.302734 0.247314
0.0265198 0.640137 0.652344 0.772949 0.664062 0.958008 0.652344 0.177612 0.303711 0.845703 0.905273 0.409912 0.117432 0.752441 0.73291 0.716797 0.729004 0.00534058 0.0147476 0.351318 0.731934 0.0915527 0.864746 0.268066 0.240479 0.494141 0.885742 0.824219 0.523438 0.188477 0.0714722 0.549805 0.828125 0.724121 0.322998 0.492432 0.682129 0.975586 0.669922 0.98584 0.821289 0.575195 0.395508 0.938477 0.327393 0.128174 0.655273 0.0565186 0.133545 0.67041 0.407959 0.865723 0.761719 0.272705 0.133667 0.00224876 0.76709 0.0193939 0.826172 0.290283 0.207886 0.897949 0.840332 0.0361938
0.621582 0.16333 0.52832 0.303711 0.138672 0.198364 0.289307 0.959961 0.773438 0.68457 0.898438 0.100952 0.812988 0.554199 0.157471 0.946777 0.224243 0.56543 0.8125 0.98584 0.837891 0.945801 0.988281 0.60498 0.965332 0.814453 0.895508 0.173218 0.712402 0.73584 0.209351 0.334229 0.898926 0.737793 0.638184 0.0377808 0.936523 0.927246 0.997559 0.709961 0.612305 0.896484 0.811035 0.425293 0.450195 0.968262 0.371826 0.674316 0.533691 0.184082 0.660645 0.371826 0.130005 0.648926 0.977051 0.0953979 0.463379 0.87207 0.268555 0.176025 0.60791 0.478027 0.510254 0.506836
0.21582 0.148315 0.544922 0.1521 0.0757446 0.54248 0.861816 0.687988 0.438721 0.672852 0.113098 0.88916 0.641113 0.484863 0.563477 0.174927 0.668945 0.224121 0.546875 0.798828 0.873047 0.523926 0.894531 0.336426 0.395996 0.162964 0.512207 0.00402832 0.641113 0.022644 0.51123 0.856934 0.171021 0.0559692 0.00888824 0.246704 0.598633 0.871094 0.93457 0.0373535 0.543945 0.0477295 0.92627 0.184937 0.532715 0.48999 0.359863 0.20166 0.714355 0.906738 0.00065136 0.586914 0.43042 0.89502 0.92334 0.82666 0.0580139 0.435791 0.830566 0.69873 0.458496 0.341553 0.555664 0.629395
0.397705 0.564453 0.876465 0.996094 0.435547 0.811035 0.0335388 0.979004 0.858398 0.959961 0.164185 0.391113 0.450195 0.523926 0.592773 0.164307 0.430908 0.593262 0.751465 0.861328 0.488525 0.674805 0.687988 0.546387 0.11084 0.518555 0.245483 0.569336 0.860352 0.80127 0.198853 0.257812 0.365723 0.0751343 0.253906 0.80127 0.885742 0.287598 0.780273 0.744629 0.247559 0.944336 0.135742 0.697754 0.46875 0.728516 0.861816 0.899414 0.322021 0.613281 0.760742 0.810547 0.28833 0.448975 0.357178 0.39917 0.967285 0.602539 0.96875 0.827637 0.403809 0.167603 0.0853882 0.769531
0.242676 0.339355 0.570801 0.128662 0.626953 0.351074 0.873047 0.874512 0.295654 0.00898743 0.571777 0.76416 0.737793 0.433838 0.664062 0.0597229 0.0473328 0.424805 0.870605 0.335693 0.873535 0.227539 0.734863 0.84082 0.830078 0.703613 0.668457 0.234131 0.871094 0.753906 0.00375748 0.113892 0.0933228 0.574707 0.242554 0.720215 0.925781 0.115784 0.594727 0.221313 0.124756 0.166626 0.98584 0.862305 0.600586 0.649414 0.921875 0.647949 0.0742188 0.79248 0.983398 0.947754 0.0200348 0.71875 0.789062 0.850098 0.422363 0.45752 0.0844727 0.293457 0.211426 0.0882568 0.407471 0.304688
0.662598 0.649902 0.0249176 0.588379 0.765625 0.619629 0.80957 0.890625 0.786133 0.79541 0.75293 0.386719 0.444824 0.674805 0.0345764 0.519043 0.467529 0.0182037 0.467041 0.487549 0.736816 0.255859 0.337891 0.15918 0.713379 0.422363 0.452637 0.924805 0.510742 0.859863 0.22937 0.17334 0.510254 0.25415 0.761719 0.275879 0.874023 0.571777 0.166382 0.660156 0.366943 0.919434 0.0466309 0.812012 0.594238 0.0812378 0.331055 0.0618286 0.0994263 0.797852 0.549316 0.836426 0.0538025 0.887207 0.995605 0.76709 0.30957 0.447998 0.691895 0.820312 0.308105 0.920898 0.993652 0.818359
0.175415 0.755371 0.0941162 0.0491638 0.32666 0.260498 0.708984 0.693848 0.17981 0.755859 0.505371 0.774414 0.836914 0.836426 0.835938 0.936523 0.634277 0.385254 0.772461 0.688477 0.272461 0.768066 0.455322 0.582031 0.216064 0.147095 0.4021 0.524414 0.0682373 0.395508 0.342529 0.243652 0.150757 0.436523 0.292725 0.477539 0.697266 0.00187874 0.171265 0.876953 0.757812 0.676758 0.650879 0.594727 0.513184 0.487061 0.530762 0.147827 0.872559 0.303467 0.836426 0.144897 0.0715332 0.291504 0.727051 0.287598 0.438721 0.128906 0.812012 0.506836 0.524414 0.154297 0.750488 0.675293
0.59082 0.0434265 0.15271 0.287842 0.0452881 0.323975 0.164795 0.802734 0.00084734 0.815918 0.397461 0.51416 0.302979 0.928223 0.662109 0.175293 0.231812 0.498291 0.320312 0.303223 0.790039 0.0470581 0.59082 0.228638 0.176025 0.402832 0.73584 0.700684 0.557129 0.486328 0.375732 0.147949 0.529785 0.52832 0.435791 0.575195 0.852539 0.600586 0.37793 0.853027 0.416504 0.775391 0.367432 0.719238 0.703613 0.0295868 0.894531 0.935547 0.527832 0.214966 0.23877 0.317871 0.261963 0.82959 0.546387 0.437988 0.232422 0.282227 0.138428 0.789551 0.768555 0.51416 0.9375 0.298096
0.042511 0.373291 0.873047 0.89502 0.973633 0.250977 0.748047 0.390381 0.026413 0.115662 0.10968 0.72998 0.145264 0.0043602 0.665527 0.67334 0.219238 0.904297 0.991211 0.481201 0.733887 0.537598 0.919434 0.966797 0.819824 0.0576782 0.755859 0.587891 0.571777 0.693359 0.88623 0.614258 0.0667114 0.759277 0.509277 0.0405273 0.0104752 0.257324 0.430908 0.0368958 0.373047 0.540527 0.76709 0.518555 0.544922 0.432617 0.191528 0.76416 0.336914 0.182495 0.245361 0.0709229 0.720215 0.164551 0.0374756 0.539551 0.22229 0.793457 0.127686 0.793945 0.487061 0.013855 0.408447 0.553711
0.773438 0.91748 0.594238 0.783691 0.175049 0.0251312 0.820801 0.54834 0.56543 0.587402 0.0665283 0.110474 0.0200806 0.258057 0.874512 0.356934 0.440674 0.119934 0.427734 0.160645 0.284424 0.465332 0.700195 0.506836 0.258789 0.828125 0.301025 0.746094 0.841797 0.709473 0.299805 0.615234 0.626953 0.894043 0.398682 0.801758 0.918945 0.21936 0.350098 0.484863 0.807129 0.416748 0.595215 0.827148 0.674805 0.469727 0.18396 0.115417 0.589844 0.611816 0.276123 0.874512 0.0770874 0.976562 0.381104 0.335938 0.804199 0.682129 0.0819702 0.645996 0.391357 0.381592 0.260986 0.0182495
0.275635 0.659668 0.820312 0.194946 0.878906 0.170288 0.679688 0.686035 0.586914 0.274902 0.513184 0.261719 0.744629 0.696777 0.377197 0.334473 0.308594 0.65332 0.208862 0.385742 0.629395 0.589844 0.72168 0.433838 0.271973 0.803711 0.079834 0.663574 0.185547 0.34082 0.681641 0.461182 0.000590324 0.501953 0.65625 0.879883 0.672363 0.335938 0.565918 0.259033 0.61084 0.0787354 0.520996 0.355469 0.775879 0.897949 0.689941 0.0843506 0.55127 0.898926 0.470215 0.180786 0.48877 0.192017 0.614746 0.760742 0.995605 0.694336 0.424316 0.181274 0.0352783 0.105896 0.642578 0.0358582
0.60791 0.298584 0.915527 0.279785 0.634277 0.481201 0.539062 0.245239 0.560059 0.0596924 0.600586 0.335693 0.95752 0.290771 0.419922 0.508789 0.189697 0.890137 0.689453 0.678711 0.0821533 0.304199 0.439453 0.0779419 0.998535 0.86377 0.259277 0.0338135 0.969727 0.901855 0.0696411 0.577148 0.200439 0.985352 0.857422 0.834961 0.466553 0.39624 0.0800781 0.0263977 0.455811 0.680664 0.362061 0.413574 0.97168 0.781738 0.922363 0.161499 0.671875 0.611816 0.839844 0.754395 0.916016 0.279541 0.832031 0.914551 0.143311 0.0914917 0.948242 0.113037 0.993164 0.0179138 0.69043 0.193726
0.0031147 0.547852 0.0285797 0.469482 0.943848 0.108704 0.49585 0.399658 0.789551 0.85791 0.812988 0.76123 0.640137 0.735352 0.922852 0.312012 0.347168 0.762695 0.0662842 0.263184 0.0423279 0.898438 0.177612 0.185669 0.990234 0.125854 0.298584 0.983398 0.143799 0.989258 0.177002 0.146851 0.536621 0.205566 0.616699 0.480469 0.314209 0.112427 0.880371 0.103821 0.970215 0.693359 0.865234 0.610352 0.428955 0.787598 0.922363 0.775879 0.550781 0.98877 0.0392761 0.592773 0.887207 0.216919 0.778809 0.876953 0.342773 0.0772705 0.860352 0.486572 0.0664062 0.0372925 0.633301 0.603027
0.242798 0.25 0.0836792 0.557129 0.362305 0.963867 0.661133 0.332764 0.657227 0.525879 0.942871 0.0861816 0.313721 0.865234 0.862305 0.864258 0.854004 0.901367 0.457275 0.740723 0.118469 0.235718 0.617676 0.461182 0.312988 0.478027 0.947754 0.379395 0.515625 0.581543 0.982422 0.758301 0.831055 0.0662231 0.31543 0.193604 0.0301666 0.976074 0.526367 0.6875 0.502441 0.469238 0.773926 0.815918 0.334473 0.63623 0.680176 0.188354 0.537598 0.137451 0.929199 0.65625 0.373291 0.546875 0.117249 0.686035 0.0250549 0.0650635 0.0656128 0.540527 0.646484 0.0481873 0.298828 0.477783
0.114441 0.614258 0.671387 0.144531 0.590332 0.197632 0.832031 0.0925903 0.666992 0.605957 0.908691 0.00154305 0.241821 0.588867 0.189941 0.779297 0.726074 0.119019 0.435303 0.0994873 0.666016 0.552734 0.785645 0.690918 0.617676 0.851562 0.231445 0.26416 0.899414 0.530273 0.741699 0.0139313 0.144287 0.413086 0.158569 0.734863 0.61084 0.990723 0.827148 0.277588 0.596191 0.73584 0.279297 0.838379 0.324707 0.468994 0.617676 0.0509033 0.587891 0.052887 0.150391 0.25415 0.605469 0.936035 0.945312 0.223267 0.787598 0.176514 0.487305 0.687012 0.706543 0.229126 0.700684 0.851074
0.64209 0.859375 0.585449 0.25293 0.850098 0.412842 0.530762 0.446289 0.148682 0.810059 0.284668 0.473389 0.279053 0.902344 0.524414 0.867188 0.955078 0.674805 0.121155 0.560547 0.61084 0.0662231 0.783691 0.398193 0.242798 0.270996 0.085022 0.949707 0.5 0.785645 0.800781 0.142334 0.64502 0.38623 0.395264 0.495361 0.799316 0.925781 0.941406 0.947754 0.735352 0.226196 0.421143 0.0145264 0.128296 0.945312 0.881348 0.083313 0.620117 0.00273514 0.643555 0.230591 0.0689697 0.42749 0.628906 0.311768 0.698242 0.713867 0.26123 0.198608 0.499512 0.0618896 0.34082 0.144775
0.448242 0.73584 0.640137 0.247314 0.661621 0.581543 0.19519 0.397461 0.808105 0.616211 0.411865 0.936035 0.561523 0.293457 0.019577 0.181641 0.296143 0.663574 0.412354 0.365234 0.0908203 0.0409546 0.676758 0.789062 0.754883 0.938477 0.987793 0.25415 0.000127316 0.328613 0.398926 0.448242 0.0646362 0.039093 0.695801 0.726562 0.620605 0.890625 0.123779 0.428711 0.507324 0.535645 0.36499 0.0688477 0.829102 0.384521 0.250488 0.125366 0.0479736 0.662598 0.490479 0.138794 0.703613 0.16748 0.928223 0.458496 0.105713 0.916016 0.712402 0.105835 0.244507 0.111633 0.554199 0.309082
0.150757 0.249756 0.0355225 0.771484 0.140503 0.159302 0.200317 0.647461 0.694824 0.56543 0.716309 0.523926 0.950195 0.966797 0.649414 0.998047 0.629883 0.140015 0.136719 0.333496 0.307373 0.0647583 0.791992 0.413086 0.980469 0.504395 0.519043 0.224976 0.616211 0.0731812 0.53418 0.76709 0.322998 0.569824 0.538574 0.463379 0.729004 0.739258 0.111023 0.423828 0.304443 0.827637 0.948242 0.254395 0.794434 0.597656 0.252441 0.424316 0.737305 0.38916 0.757812 0.0449829 0.453857 0.549805 0.458252 0.43457 0.0545654 0.977051 0.659668 0.670898 0.0503845 0.193604 0.437988 0.373291
0.763184 0.976562 0.836426 0.492188 0.71582 0.947754 0.916016 0.02005 0.775391 0.864258 0.274414 0.569824 0.461426 0.526855 0.994141 0.198975 0.916016 0.751953 0.244019 0.370117 0.302002 0.702148 0.804688 0.356445 0.679199 0.464111 0.027359 0.72998 0.657715 0.465332 0.103027 0.421143 0.441895 0.939453 0.913086 0.157471 0.887207 0.829102 0.17749 0.662598 0.693359 0.452148 0.232178 0.154785 0.979004 0.226196 0.35376 0.89502 0.978027 0.597656 0.265381 0.280029 0.300049 0.0699463 0.636719 0.979492 0.53418 0.664062 0.709473 0.191895 0.129272 0.8125 0.612793 0.571289
0.751953 0.526367 0.728516 0.63916 0.355469 0.90625 0.302002 0.0486755 0.358154 0.53418 0.203491 0.337158 0.760254 0.557129 0.232422 0.738281 0.155273 0.497803 0.018631 0.455322 0.567871 0.655273 0.434814 0.101807 0.319336 0.144165 0.293701 0.448486 0.956543 0.906738 0.0195618 0.708496 0.432861 0.748047 0.3479 0.788086 0.654297 0.649902 0.836914 0.0123978 0.18396 0.0403137 0.349609 0.944336 0.597656 0.582031 0.682617 0.75293 0.0796509 0.701172 0.208252 0.647461 0.356689 0.643066 0.749023 0.675781 0.787109 0.0428467 0.124329 0.743652 0.949707 0.143921 0.452148 0.382324
0.89209 0.800293 0.17041 0.546387 0.450195 0.0072937 0.558594 0.633789 0.0476074 0.908203 0.578125 0.64502 0.490234 0.260986 0.398193 0.569824 0.962402 0.606445 0.217163 0.319092 0.24939 0.966309 0.994629 0.0365295 0.00911713 0.119141 0.780273 0.958496 0.262939 0.232544 0.34082 0.155029 0.0327454 0.51123 0.701172 0.48291 0.518555 0.26001 0.116821 0.566406 0.168213 0.694824 0.211548 0.658203 0.956055 0.609863 0.228149 0.918457 0.216064 0.445312 0.237427 0.465332 0.411621 0.2323 0.501953 0.420654 0.351562 0.282227 0.379395 0.614746 0.514648 0.720215 0.769531 0.547363
0.231689 0.470947 0.0302124 0.750488 0.730957 0.146973 0.31665 0.898926 0.842285 0.52832 0.557617 0.79834 0.137939 0.785645 0.716797 0.354004 0.230957 0.954102 0.819336 0.642578 0.186279 0.321289 0.0632935 0.537598 0.603516 0.442627 0.152344 0.118164 0.162964 0.921875 0.665527 0.394531 0.392822 0.695801 0.14502 0.123596 0.842773 0.46167 0.022583 0.685059 0.989746 0.580078 0.483154 0.12793 0.365479 0.199585 0.481934 0.59668 0.153564 0.30127 0.239014 0.339844 0.622559 0.302246 0.87793 0.226074 0.745117 0.0300598 0.344238 0.907715 0.952148 0.00980377 0.30249 0.344727
0.705566 0.44751 0.468262 0.54834 0.90918 0.490723 0.233276 0.899414 0.0708008 0.716309 0.0272064 0.436279 0.916016 0.509277 0.0328674 0.069519 0.810547 0.271973 0.409424 0.433105 0.574219 0.287109 0.65918 0.319092 0.317383 0.00332832 0.227173 0.269287 0.0131302 0.529785 0.61377 0.71875 0.977051 0.0820923 0.26709 0.886719 0.572754 0.500488 0.785645 0.643555 0.216675 0.812988 0.0800781 0.132568 0.322266 0.112976 0.202148 0.132568 0.384766 0.611816 0.56543 0.958984 0.898926 0.224731 0.27832 0.216064 0.228027 0.505371 0.485352 0.241089 0.0350952 0.0991821 0.959961 0.0123749
0.181274 0.226929 0.898926 0.754395 0.727539 0.685059 0.397949 0.943848 0.498047 0.478027 0.0765381 0.820312 0.59082 0.278564 0.952637 0.976074 0.890137 0.518555 0.935059 0.789062 0.743164 0.213257 0.00517273 0.971191 0.71875 0.490479 0.212158 0.753906 0.589844 0.171997 0.766113 0.770996 0.398926 0.665039 0.525391 0.126343 0.350098 0.92334 0.0702515 0.848145 0.401123 0.146851 0.667969 0.992188 0.425537 0.620605 0.967773 0.315674 0.13916 0.902832 0.104797 0.882324 0.116211 0.109985 0.853027 0.834961 0.600586 0.0654297 0.588867 0.190186 0.237427 0.354736 0.960938 0.63623
0.0199432 0.486328 0.762695 0.369873 0.409424 0.833008 0.217896 0.810547 0.97998 0.885742 0.802734 0.405273 0.506836 0.770508 0.721191 0.645996 0.67334 0.826172 0.52832 0.789551 0.936035 0.381348 0.624512 0.536621 0.446777 0.213257 0.726562 0.684082 0.567871 0.6875 0.320801 0.587891 0.17395 0.0834961 0.958008 0.583496 0.916504 0.175781 0.393799 0.896484 0.0617065 0.196533 0.301758 0.568359 0.967285 0.0229492 0.214355 0.640625 0.849121 0.742676 0.43042 0.784668 0.123901 0.0548706 0.321289 0.570801 0.268066 0.047821 0.254883 0.835938 0.735352 0.575684 0.424072 0.909668
0.65918 0.38208 0.492676 0.575684 0.557617 0.886719 0.472168 0.619629 0.0831299 0.773926 0.187988 0.0502014 0.796875 0.402344 0.690918 0.645996 0.144897 0.121155 0.430664 0.268799 0.176025 0.751953 0.839355 0.444092 0.799805 0.0944824 0.280273 0.535156 0.67041 0.70459 0.444824 0.329346 0.0864258 0.9375 0.905273 0.644043 0.824219 0.377686 0.263672 0.907227 0.151733 0.45166 0.95752 0.94873 0.854004 0.648438 0.594727 0.999023 0.769531 0.0254517 0.267578 0.945312 0.777344 0.107178 0.389648 0.577148 0.20166 0.669922 0.112671 0.87207 0.374268 0.557617 0.201294 0.460693
0.495117 0.106628 0.104797 0.319336 0.484131 0.368652 0.226685 0.635742 0.820312 0.184204 0.584473 0.674316 0.83252 0.179199 0.67334 0.602051 0.204712 0.940918 0.547363 0.982422 0.0480957 0.937012 0.55957 0.249756 0.606934 0.672363 0.121582 0.981445 0.229736 0.322754 0.441895 0.724609 0.429443 0.546875 0.0441589 0.913574 0.915039 0.270752 0.549316 0.735352 0.455078 0.134155 0.409668 0.287598 0.313477 0.0830078 0.889648 0.518066 0.0238953 0.437256 0.500488 0.0719604 0.374512 0.0597839 0.321777 0.981445 0.731934 0.443359 0.962891 0.961914 0.766113 0.404785 0.686523 0.195557
0.95166 0.730957 0.109253 0.866699 0.00160503 0.658691 0.602051 0.456787 0.792969 0.0120621 0.744141 0.106262 0.0950317 0.634277 0.624512 0.118958 0.0715332 0.124634 0.190918 0.446045 0.184448 0.512695 0.427734 0.916504 0.956055 0.390625 0.878418 0.722168 0.79541 0.564941 0.91748 0.74707 0.295654 0.0269318 0.61377 0.297119 0.685547 0.215942 0.753906 0.47876 0.228027 0.498291 0.584961 0.322998 0.132324 0.209351 0.441895 0.203857 0.333984 0.632812 0.649902 0.518555 0.145508 0.0775757 0.434814 0.10144 0.468018 0.312988 0.823242 0.263428 0.87793 0.741211 0.0103226 0.17334
0.768066 0.624023 0.470459 0.453857 0.839844 0.224365 0.932617 0.0678711 0.722656 0.517578 0.390869 0.85498 0.726562 0.833008 0.0588684 0.0606384 0.46582 0.708984 0.579102 0.611328 0.786621 0.0138245 0.712891 0.254639 0.326904 0.536133 0.518066 0.204712 0.277344 0.52832 0.37793 0.0454712 0.152222 0.848633 0.499268 0.992188 0.072937 0.431641 0.0599976 0.79541 0.949219 0.450928 0.650391 0.675781 0.283691 0.709473 0.736328 0.749512 0.418213 0.315674 0.36084 0.20459 0.329346 0.0735474 0.458984 0.65625 0.609863 0.977051 0.86084 0.887207 0.505371 0.238892 0.932617 0.657715
0.0875244 0.431885 0.649902 0.160522 0.86377 0.709961 0.956055 0.812988 0.160645 0.606445 0.48877 0.444336 0.315918 0.22522 0.193848 0.734375 0.541016 0.554688 0.938965 0.870117 0.628418 0.397949 0.526367 0.238037 0.375 0.387451 0.125244 0.880371 0.626465 0.0578613 0.538086 0.713867 0.489746 0.187866 0.874023 0.353516 0.897461 0.830078 0.16626 0.0583801 0.436768 0.654785 0.50293 0.75293 0.880371 0.696777 0.487061 0.421143 0.251465 0.425781 0.29126 0.879395 0.82373 0.817871 0.117676 0.198486 0.205078 0.24292 0.0787964 0.831543 0.300781 0.616699 0.544922 0.790527
0.804688 0.419434 0.143921 0.702148 0.249634 0.310303 0.760742 0.686523 0.965332 0.263428 0.439209 0.845215 0.960449 0.92627 0.266602 0.211548 0.351807 0.557617 0.0912476 0.175415 0.375488 0.208862 0.373779 0.580566 0.45166 0.452637 0.411865 0.752441 0.069458 0.957031 0.542969 0.874023 0.376465 0.687012 0.57666 0.625977 0.99707 0.337402 0.312744 0.962402 0.600586 0.751953 0.807617 0.561035 0.678223 0.0742188 0.772461 0.0302124 0.631836 0.86377 0.205566 0.00753403 0.0727539 0.57959 0.587891 0.524414 0.0321045 7.31349e-05 0.2771 0.101562 0.957031 0.819824 0.975586 0.33374
0.506836 0.552246 0.959961 0.503906 0.889648 0.272461 0.466309 0.490234 0.0245819 0.273926 0.0513916 0.702637 0.348145 0.824219 0.73291 0.980469 0.687988 0.938477 0.987793 0.760742 0.518066 0.575684 0.285156 0.550293 0.576172 0.562012 0.651855 0.533203 0.382324 0.627441 0.866699 0.88916 0.17981 0.82666 0.393066 0.0692749 0.0991821 0.859375 0.55957 0.123779 0.133423 0.61084 0.82666 0.481689 0.435059 0.55957 0.461914 0.123047 0.498291 0.449707 0.883789 0.0165558 0.0255585 0.168945 0.566895 0.601562 0.730957 0.218628 0.134644 0.113342 0.846191 0.00143337 0.00248337 0.026001
0.828125 0.395752 0.0952759 0.927246 0.255127 0.654785 0.0510254 0.388672 0.266113 0.877441 0.870117 0.701172 0.437256 0.332275 0.824219 0.935547 0.781738 0.708008 0.952148 0.807617 0.876953 0.519043 0.408936 0.60791 0.737793 0.543457 0.721191 0.583984 0.544922 0.723633 0.609863 0.373047 0.119385 0.705566 0.300293 0.374512 0.360352 0.351318 0.763184 0.626465 0.229126 0.633301 0.327393 0.666504 0.96582 0.151489 0.602051 0.747559 0.859375 0.554688 0.555176 0.736328 0.0736084 0.963867 0.343994 0.811523 0.507812 0.0652466 0.395508 0.0526733 0.789062 0.0055275 0.425781 0.908203
0.710938 0.726074 0.282715 0.071167 0.0776367 0.0458679 0.697266 0.306641 0.679199 0.0248871 0.973145 0.64502 0.176392 0.575195 0.392334 0.0358276 0.129761 0.947266 0.771973 0.203369 0.911133 0.115967 0.014801 0.418945 0.181274 0.4104 0.47168 0.970215 0.415771 0.897461 0.878418 0.126709 0.623535 0.161255 0.197876 0.701172 0.207153 0.895508 0.00801086 0.88623 0.92041 0.980957 0.53125 0.0966797 0.556641 0.923828 0.132446 0.686035 0.871094 0.904297 0.889648 0.782227 0.0204773 0.904297 0.201294 0.20166 0.314697 0.672852 0.171875 0.730469 0.570312 0.050354 0.856934 0.19397
0.211548 0.0549622 0.895508 0.418701 0.950195 0.90332 0.304932 0.870605 0.884277 0.836426 0.967285 0.440918 0.759766 0.0997314 0.127075 0.630859 0.00418854 0.016571 0.413086 0.0246582 0.920898 0.614258 0.226318 0.235474 0.287109 0.398193 0.96582 0.857422 0.448486 0.823242 0.0515137 0.660156 0.87793 0.946777 0.0788574 0.828125 0.850098 0.383789 0.69873 0.734863 0.220093 0.666016 0.175537 0.97998 0.765625 0.30249 0.61084 0.77002 0.319092 0.0237579 0.794434 0.240112 0.638184 0.0209656 0.475586 0.925293 0.419189 0.441406 0.782715 0.867676 0.264648 0.833984 0.527832 0.142578
0.78125 0.606934 0.970703 0.631348 0.990723 0.669922 0.365967 0.210815 0.335693 0.541504 0.190796 0.101501 0.844238 0.80127 0.871582 0.163208 0.825195 0.666016 0.40332 0.463379 0.687012 0.878906 0.388428 0.106201 0.320557 0.171265 0.974121 0.584961 0.00544357 0.501953 0.727539 0.786621 0.108826 0.698242 0.417725 0.0995483 0.368164 0.783691 0.310303 0.703613 0.325195 0.500977 0.805176 0.169312 0.302734 0.676758 0.33252 0.12793 0.342773 0.73584 0.591309 0.0297394 0.614746 0.979492 0.135986 0.935059 0.151001 0.109985 0.520508 0.156372 0.611816 0.247925 0.942871 0.720703
0.946289 0.360596 0.820312 0.314453 0.144409 0.130737 0.018219 0.469727 0.631836 0.82373 0.63916 0.93457 0.500488 0.97168 0.0624695 0.842773 0.70752 0.653809 0.872559 0.322266 0.633301 0.00868225 0.257568 0.78418 0.118652 0.777832 0.940918 0.730469 0.0257874 0.883789 0.451416 0.972168 0.244385 0.271729 0.286377 0.388916 0.402344 0.304688 0.858398 0.0343628 0.128174 0.497559 0.96875 0.628418 0.468994 0.0313721 0.471436 0.176514 0.685059 0.344238 0.498779 0.318359 0.352783 0.756348 0.102783 0.471436 0.53418 0.0435486 0.202148 0.560059 0.927246 0.65332 0.532227 0.171509
0.925293 0.818848 0.560547 0.327637 0.123352 0.418945 0.362061 0.251465 0.916504 0.331055 0.879883 0.385498 0.362305 0.351562 0.562012 0.0474243 0.695801 0.06073 0.365967 0.0485535 0.817383 0.46875 0.52002 0.351562 0.512207 0.722168 0.911621 0.439453 0.375732 0.443848 0.61084 0.301025 0.262451 0.171387 0.628906 0.385742 0.590332 0.990723 0.637207 0.506836 0.321777 0.517578 0.89209 0.684082 0.869141 0.453857 0.731445 0.564453 0.514648 0.0975342 0.613281 0.331787 0.566406 0.133301 0.683105 0.0784912 0.855469 0.594727 0.518066 0.231201 0.0387573 0.128906 0.532227 0.30127
0.300293 0.161011 0.687012 0.890625 0.151855 0.324463 0.397217 0.473877 0.841797 0.289062 0.157959 0.710938 0.743164 0.889648 0.275635 0.257568 0.987305 0.888672 0.589355 0.553223 0.0220795 0.272705 0.631836 0.877441 0.867676 0.14978 0.108765 0.90625 0.278809 0.641113 0.207764 0.579102 0.802246 0.89502 0.469482 0.954102 0.21936 0.866699 0.427734 0.0612793 0.155884 0.585449 0.772461 0.898926 0.475342 0.047821 0.156616 0.462402 0.936523 0.746094 0.0159302 0.958496 0.0188446 0.647949 0.836426 0.886719 0.797363 0.944824 0.792969 0.0762939 0.585938 0.00073719 0.655273 0.388184
0.895508 0.124939 0.342041 0.114807 0.991699 0.769531 0.176147 0.147583 0.355469 0.948242 0.0465088 0.830566 0.996094 0.203125 0.293213 0.932617 0.949219 0.309082 0.891602 0.967773 0.957031 0.727539 0.854492 0.754395 0.672852 0.647461 0.831055 0.258789 0.648438 0.486328 0.646973 0.543945 0.611328 0.98877 0.658691 0.603027 0.758789 0.834961 0.750488 0.114075 0.783203 0.796875 0.944824 0.779297 9.90033e-05 0.238037 0.711914 0.949219 0.547363 0.603516 0.91748 0.504395 0.331299 0.771973 0.258789 0.00418854 0.419434 0.0897827 0.262939 0.067749 0.576172 0.910156 0.611816 0.187256
0.898926 0.270264 0.790039 0.657715 0.105103 0.540527 0.771484 0.888184 0.337646 0.716309 0.66748 0.337891 0.95459 0.379639 0.287109 0.501953 0.983398 0.204346 0.00600433 0.314697 0.976074 0.264893 0.318848 0.395508 0.354492 0.582031 0.463379 0.930664 0.491943 0.0748901 0.11792 0.390869 0.345215 0.908203 0.0485535 0.450195 0.44873 0.820312 0.338623 0.786621 0.536621 0.00613022 0.124268 0.491211 0.385742 0.411377 0.993164 0.369141 0.615723 0.999023 0.684082 0.591797 0.263916 0.00297165 0.987305 0.618652 0.584961 0.450684 0.549316 0.0769653 0.525391 0.666992 0.467773 0.870605
0.575195 0.516602 0.321045 0.0239105 0.33667 0.659668 0.810547 0.873535 0.665527 0.93457 0.364746 0.0514526 0.345947 0.357666 0.420654 0.961914 0.356689 0.104675 0.553711 0.620605 0.107666 0.541016 0.239136 0.692871 0.991211 0.788086 0.769531 0.51709 0.455322 0.237427 0.387451 0.0304871 0.753906 0.708496 0.0543823 0.0904541 0.36792 0.864746 0.963867 0.0335083 0.799316 0.328613 0.0849609 0.145508 0.686035 0.505859 0.107239 0.0430298 0.610352 0.660645 0.663574 0.718262 0.201538 0.902832 0.410645 0.192993 0.691406 0.180298 0.709961 0.146606 0.417725 0.0974121 0.177124 0.171509
0.805664 0.231445 0.261963 0.173828 0.0962524 0.22583 0.207275 0.895996 0.554199 0.292236 0.0412903 0.240601 0.797852 0.14856 0.283691 0.408203 0.809082 0.947266 0.126343 0.0108185 0.850098 0.537109 0.203735 0.541504 0.717285 0.913574 0.687988 0.13501 0.0110168 0.865234 0.306641 0.816895 0.0965576 0.568359 0.990723 0.192871 0.794434 0.197998 0.088623 0.348633 0.490234 0.129883 0.589355 0.28833 0.278564 0.873047 0.696777 0.0877686 0.820312 0.822754 0.0985718 0.67041 0.359863 0.302246 0.211914 0.0772705 0.215942 0.899902 0.21228 0.226929 0.765137 0.519043 0.0438538 0.861816
0.0874023 0.0345154 0.0545044 0.881836 0.232544 0.143066 0.230469 0.722656 0.272949 0.819824 0.0109634 0.55127 0.692871 0.70752 0.63916 0.512695 0.530273 0.737793 0.183228 0.890137 0.0401306 0.395264 0.967773 0.256104 0.295166 0.179932 0.483154 0.0602112 0.69873 0.526855 0.921875 0.786133 0.561523 0.976562 0.667969 0.793945 0.119507 0.898438 0.516602 0.392578 0.718262 0.527832 0.943848 0.410645 0.235107 0.583496 0.923828 0.765625 0.321045 0.106873 0.655762 0.361328 0.501953 0.623535 0.617188 0.797363 0.803223 0.100403 0.857422 0.501953 0.627441 0.779297 0.28833 0.188721
0.755859 0.956055 0.982422 0.875 0.854492 0.499268 0.267822 0.572754 0.0268707 0.211792 0.983398 0.261963 0.794922 0.906738 0.0274658 0.116211 0.0138397 0.683105 0.477539 0.516113 0.306885 0.0947876 0.313232 0.110229 0.19519 0.170532 0.612305 0.822266 0.949707 0.900391 0.0111771 0.705566 0.856934 0.993652 0.580566 0.711426 0.493164 0.848145 0.283936 0.52002 0.0601501 0.267334 0.781738 0.855469 0.174194 0.80957 0.971191 0.187988 0.492676 0.44873 0.704102 0.799316 0.543457 0.0170746 0.909668 0.73877 0.187622 0.521973 0.561035 0.137451 0.422607 0.572266 0.842773 0.279541
0.566406 0.423584 0.990723 0.0592651 0.271973 0.274658 0.579102 0.332031 0.541992 0.361084 0.187378 0.71582 0.17041 0.158813 0.903809 0.663086 0.607422 0.60791 0.462646 0.151245 0.625 0.372314 0.890137 0.8125 0.894531 0.451172 0.950195 0.316895 0.0236816 0.792969 0.59668 0.589844 0.216675 0.587402 0.648926 0.488525 0.861816 0.228271 0.820801 0.403564 0.589355 0.00813293 0.119629 0.759766 0.16687 0.0236664 0.422852 0.774414 0.631836 0.885742 0.925781 0.256592 0.257812 0.815918 0.0693359 0.1521 0.26709 0.0194397 0.469238 0.290771 0.8125 0.0656128 0.880859 0.0291138
0.652832 0.529785 0.517578 0.514648 0.758301 0.338379 0.917969 0.347412 0.34668 0.0378113 0.107361 0.513672 0.0614929 0.530273 0.288086 0.693359 0.415771 0.213989 0.949707 0.673828 0.0297699 0.0191345 0.825684 0.296875 0.0385742 0.294922 0.587891 0.851074 0.360596 0.468262 0.880371 0.0133438 0.998047 0.397949 0.527832 0.756348 0.736328 0.446045 0.103821 0.0830078 0.483887 0.211182 0.59668 0.54541 0.741699 0.884766 0.238525 0.157227 0.0986328 0.188354 0.831055 0.128418 0.20752 0.656738 0.425293 0.246094 0.95166 0.0129776 0.0971069 0.312256 0.481201 0.977051 0.325684 0.479492
0.375244 0.853516 0.23584 0.111572 0.299561 0.3396 0.19458 0.783691 0.550781 0.791016 0.328857 0.292236 0.675781 0.567383 0.449463 0.774414 0.755859 0.280518 0.902832 0.963379 0.937012 0.328369 0.209351 0.88916 0.341309 0.306396 0.201172 0.822754 0.283691 0.526855 0.302002 0.65918 0.380371 0.538086 0.770508 0.679688 0.877441 0.965332 0.463379 0.428223 0.756348 0.79248 0.720703 0.432373 0.359863 0.170166 0.206909 0.115723 0.450684 0.109924 0.0790405 0.387939 0.438232 0.28833 0.276855 0.779297 0.594727 0.478027 0.602051 0.878906 0.00477982 0.904297 0.537598 0.38501
0.442139 0.308105 0.0650024 0.31958 0.273438 0.52832 0.748047 0.0297089 0.320801 0.468506 0.461914 0.680664 0.638672 0.668945 0.796387 0.0892334 0.778809 0.875488 0.477051 0.217041 0.16394 0.753906 0.996582 0.758789 0.231812 0.598633 0.637695 0.236694 0.50293 0.175171 0.621582 0.944824 0.483398 0.686523 0.264648 0.756836 0.21521 0.0125351 0.786621 0.536133 0.480957 0.248535 0.216797 0.119629 0.91748 0.0133362 0.208862 0.696289 0.888672 0.686035 0.913086 0.052887 0.439941 0.909668 0.812012 0.671875 0.508789 0.449463 0.908203 0.0115433 0.624512 0.530273 0.956543 0.108032
0.216797 0.221191 0.864746 0.431885 0.233765 0.651367 0.968262 0.714844 0.899902 0.184814 0.834473 0.816895 0.198242 0.0432434 0.513184 0.0870972 0.729004 0.426758 0.140015 0.169067 0.33667 0.95166 0.84082 0.845215 0.401123 0.749023 0.856934 0.0258484 0.279053 0.813477 0.133911 0.49585 0.0345154 0.998535 0.927734 0.268311 0.649902 0.895996 0.98291 0.549316 0.0807495 0.817383 0.366699 0.279053 0.86084 0.879883 0.365967 0.589844 0.306641 0.505859 0.758789 0.643066 0.457764 0.599609 0.488525 0.858887 0.348633 0.345215 0.884766 0.62793 0.158447 0.0187683 0.123718 0.192993
0.0174255 0.0515747 0.461182 0.66748 0.947266 0.444336 0.216797 0.0282593 0.261719 0.583496 0.307129 0.122314 0.463379 0.67334 0.711914 0.77002 0.179321 0.470947 0.41333 0.637207 0.0706787 0.901855 0.496094 0.419434 0.246826 0.381104 0.0471497 0.405273 0.399902 0.170898 0.598145 0.417236 0.222412 0.0595703 0.0844727 0.169922 0.503906 0.30127 0.198242 0.765625 0.884766 0.505371 0.887695 0.348145 0.178711 0.600098 0.118042 0.35791 0.0709229 0.53125 0.995117 0.141602 0.432861 0.491211 0.561035 0.679688 0.87207 0.60791 0.085144 0.271973 0.778809 0.683594 0.688965 0.0013504
0.743164 0.773926 0.171265 0.246826 0.0749512 0.369385 0.0122299 0.959473 0.875 0.899902 0.307617 0.0535583 0.499756 0.425781 0.411377 0.570801 0.957031 0.406494 0.712402 0.390137 0.897461 0.273193 0.0698242 0.77002 0.881348 0.154907 0.0418091 0.660156 0.838379 0.730957 0.661621 0.581543 0.504883 0.83252 0.828125 0.57959 0.202271 0.840332 0.539551 0.0771484 0.740234 0.847168 0.130615 0.240112 0.272705 0.541992 0.811035 0.229858 0.94873 0.522949 0.620117 0.846191 0.796387 0.689941 0.616211 0.677734 0.844727 0.658203 0.337646 0.683105 0.388916 0.999023 0.264404 0.893555
0.832031 0.0926514 0.473389 0.0340576 0.933105 0.0126877 0.111206 0.67334 0.859863 0.241821 0.913574 0.132568 0.78418 0.724609 0.362305 0.73291 0.247559 0.982422 0.579102 0.0438232 0.672363 0.19519 0.721191 0.51709 0.853027 0.0589294 0.200073 0.242188 0.0580139 0.4646 0.135864 0.889648 0.557129 0.609375 0.923828 0.490234 0.62207 0.0351257 0.163696 0.481689 0.2771 0.0772705 0.614258 0.0610046 0.801758 0.976562 0.793457 0.0492249 0.958984 0.372559 0.0930786 0.631348 0.567871 0.814453 0.147949 0.420898 0.873535 0.348145 0.663086 0.931152 0.8125 0.798828 0.821289 0.369873
0.408203 0.745117 0.859863 0.0301819 0.780273 0.0237274 0.511719 0.0572205 0.100952 0.125977 0.118225 0.902832 0.1026 0.912109 0.95166 0.0615845 0.284668 0.0448914 0.692871 0.852539 0.859375 0.84082 0.273438 0.732422 0.188721 0.936523 0.664062 0.00130081 0.735352 0.485107 0.371094 0.143799 0.230225 0.231079 0.17395 0.0104599 0.254883 0.686035 0.067688 0.355713 0.812012 0.185913 0.258545 0.914551 0.0978394 0.210327 0.976074 0.382324 0.255127 0.668945 0.234863 0.114441 0.509766 0.508301 0.847168 0.698242 0.444824 0.510742 0.699707 0.180298 0.996094 0.0706177 0.324219 0.226318
0.301758 0.498291 0.236816 0.556641 0.184082 0.304443 0.912598 0.996094 0.490479 0.170776 0.910645 0.588379 0.381104 0.886719 0.970703 0.63623 0.555176 0.205444 0.750488 0.0648804 0.713867 0.597656 0.763184 0.158569 0.108765 0.462646 0.338867 0.104858 0.533203 0.663086 0.331299 0.834961 0.161255 0.567871 0.391602 0.345215 0.872559 0.303955 0.341064 0.362793 0.474854 0.251465 0.951172 0.855957 0.138062 0.921875 0.492188 0.693359 0.127197 0.242798 0.758301 0.84082 0.84082 0.521484 0.999512 0.949219 0.983887 0.338379 0.0541687 0.517578 0.00131798 0.385254 0.352539 0.162598
0.953125 0.744141 0.507812 0.825684 0.0482483 0.849121 0.188599 0.522949 0.100525 0.139648 0.378906 0.238525 0.0614014 0.871094 0.932129 0.188599 0.113892 0.69043 0.0295105 0.95459 0.211548 0.0289154 0.903809 0.195679 0.367188 0.958008 0.712891 0.368408 0.343262 0.0656738 0.53125 0.296631 0.810059 0.0388489 0.122498 0.85791 0.887695 0.311035 0.381104 0.988281 0.450928 0.760254 0.226929 0.512207 0.631348 0.158813 0.700684 0.745117 0.849121 0.730469 0.699707 0.0606384 0.759277 0.603516 0.256348 0.126465 0.561523 0.969238 0.494873 0.904785 0.0350342 0.0260468 0.201538 0.844727
0.0648804 0.323975 0.703125 0.952637 0.635254 0.0841675 0.940918 0.0859375 0.844238 0.167969 0.598145 0.475586 0.326904 0.299072 0.220581 0.175903 0.0293884 0.92041 0.23645 0.788574 0.523438 0.49292 0.915039 0.085083 0.462158 0.410156 0.989746 0.497314 0.436279 0.191406 0.342041 0.500977 0.515625 0.0451355 0.453857 0.150513 0.129395 0.394775 0.23645 0.973633 0.5625 0.834473 0.449219 0.889648 0.133667 0.669922 0.0654297 0.163086 0.589844 0.302002 0.95166 0.113647 0.794922 0.866699 0.19873 0.256836 0.2771 0.188599 0.754395 0.713379 0.379883 0.0963135 0.214233 0.895508
0.141479 0.667969 0.0458374 0.270752 0.0627441 0.282227 0.244385 0.625488 0.116943 0.693359 0.515137 0.250732 0.363281 0.580566 0.413818 0.953613 0.882324 0.365479 0.0670166 0.677246 0.232422 0.265625 0.934082 0.509277 0.454102 0.687988 0.222534 0.833984 0.784668 0.436768 0.729492 0.925781 0.104675 0.775391 0.196655 0.16748 0.0575562 0.441162 0.792969 0.174561 0.134644 0.308105 0.425293 0.498047 0.888672 0.838867 0.451416 0.770996 0.204468 0.518555 0.447754 0.436768 0.78418 0.381836 0.946289 0.238281 0.0700073 0.168701 0.0724487 0.854492 0.605469 0.801758 0.780273 0.709961
0.577148 0.977051 0.877441 0.634766 0.417969 0.67041 0.809082 0.552734 0.978516 0.234497 0.0507202 0.866699 0.0734253 0.501953 0.637695 0.277832 0.0205841 0.0855713 0.714844 0.804688 0.467529 0.660645 0.0429993 0.537598 0.82959 0.115479 0.391846 0.434814 0.91748 0.172241 0.14502 0.494629 0.14917 0.0224762 0.129272 0.566895 0.692871 0.938477 0.119812 0.671387 0.172974 0.170532 0.538086 0.246338 0.672852 0.175903 0.524414 0.693359 0.261475 0.238892 0.498047 0.729004 0.899902 0.541016 0.266357 0.729492 0.65625 0.658203 0.164185 0.57373 0.830566 0.309082 0.0682373 0.979492
0.331787 0.19751 0.546875 0.0245972 0.135986 0.666504 0.695801 0.309082 0.836914 0.234253 0.555176 0.509766 0.410156 0.0796509 0.202881 0.671387 0.318604 0.700684 0.400391 0.218262 0.241821 0.666992 0.947754 0.897949 0.324951 0.111877 0.471924 0.155396 0.421143 0.540039 0.134888 0.75293 0.737793 0.681641 0.777344 0.873535 0.3479 0.473389 0.182739 0.184937 0.70752 0.738281 0.694824 0.117615 0.817871 0.897461 0.789062 0.136353 0.598145 0.189697 0.354492 0.840332 0.856445 0.302246 0.738281 0.181641 0.414062 0.210205 0.336914 0.834961 0.750488 0.471924 0.587891 0.488037
0.153442 0.365234 0.361816 0.501465 0.838379 0.544434 0.686523 0.545898 0.282715 0.381104 0.663574 0.100342 0.278564 0.452881 0.236694 0.876953 0.642578 0.591309 0.717285 0.499023 0.893555 0.455322 0.680664 0.307617 0.665527 0.0176849 0.1427 0.415771 0.489502 0.730469 0.903809 0.643066 0.0957642 0.265625 0.144653 0.934082 0.810059 0.831055 0.480225 0.0925903 0.212158 0.143677 0.192993 0.490723 0.59668 0.429688 0.367676 0.239014 0.0208435 0.0847778 0.738281 0.914551 0.540039 0.418701 0.221924 0.205688 0.436523 0.364502 0.621582 0.92627 0.0950928 0.525391 0.569336 0.190918
0.791016 0.713867 0.125122 0.600586 0.544922 0.605469 0.693359 0.756836 0.749023 0.88623 0.247681 0.345459 0.315918 0.615234 0.584473 0.33667 0.700195 0.32251 0.250977 0.240234 0.741211 0.4729 0.446045 0.177856 0.837402 0.0673828 0.103943 0.932617 0.592773 0.672852 0.123535 0.383545 0.386963 0.248535 0.984375 0.931641 0.854004 0.677734 0.688477 0.603027 0.563965 0.936523 0.948242 0.879883 0.551758 0.532715 0.216675 0.251953 0.855469 0.467773 0.492188 0.59668 0.940918 0.937988 0.774902 0.77832 0.00543594 0.878418 0.710938 0.598145 0.551758 0.834473 0.981445 0.938477
0.0829468 0.96582 0.870117 0.937012 0.643555 0.558594 0.539551 0.207642 0.495117 0.487793 0.0875244 0.046814 0.0206909 0.304199 0.298584 0.875977 0.771973 0.790527 0.4729 0.712891 0.729004 0.247681 0.490967 0.734375 0.126343 0.201782 0.332275 0.678223 0.0361633 0.313965 0.616699 0.119141 0.279785 0.486816 0.0559387 0.92334 0.0456543 0.595703 0.131104 0.540527 0.0834351 0.218628 0.587402 0.104126 0.522949 0.88623 0.980469 0.294678 0.676758 0.453125 0.00736237 0.405762 0.700684 0.498291 0.140015 0.827148 0.700195 0.472412 0.505371 0.736328 0.786133 0.121887 0.855469 0.0661621
0.608887 0.911133 0.989746 0.654297 0.506836 0.120667 0.195068 0.590332 0.339355 0.782715 0.694336 0.861816 0.668945 0.674805 0.156738 0.345947 0.127808 0.164062 0.751465 0.828613 0.662109 0.891602 0.655762 0.362305 0.36377 0.161255 0.0985107 0.150146 0.283203 0.953613 0.216309 0.891602 0.865234 0.205933 0.545898 0.371826 0.32666 0.741211 0.961914 0.666016 0.523926 0.65625 0.527832 0.192749 0.330811 0.68457 0.538574 0.45874 0.848633 0.290283 0.287354 0.51123 0.181763 0.943359 0.873535 0.54541 0.104675 0.972168 0.695801 0.387939 0.925781 0.912109 0.279541 0.791016
0.118103 0.825684 0.16272 0.444824 0.566895 0.124756 0.110657 0.0909424 0.78125 0.638672 0.283691 0.112 0.323242 0.822266 0.570801 0.171997 0.112427 0.85791 0.683105 0.294189 0.801758 0.556641 0.839844 0.90625 0.52832 0.535645 0.294189 0.454346 0.447754 0.57373 0.245239 0.565918 0.399658 0.407959 0.0105591 0.966797 0.532715 0.121216 0.0574951 0.313721 0.759766 0.341064 0.425781 0.0830688 0.163452 0.996582 0.255127 0.275879 0.854492 0.937988 0.569824 0.65625 0.494873 0.409912 0.5625 0.0233154 0.945312 0.856445 0.477783 0.393066 0.43042 0.723145 0.958984 0.830078
0.130981 0.969238 0.796387 0.663574 0.0906982 0.854004 0.977539 0.850586 0.19519 0.403076 0.933594 0.358643 0.399658 0.188599 0.634766 0.25415 0.126831 0.20459 0.910645 0.621582 0.614258 0.4729 0.64502 0.55957 0.32959 0.122559 0.953125 0.759766 0.845703 0.911621 0.589844 0.976562 0.881348 0.386475 0.640137 0.972168 0.240479 0.617676 0.822754 0.435547 0.0207367 0.755859 0.794434 0.42041 0.944824 0.428955 0.674805 0.0715332 0.633301 0.584961 0.692871 0.247803 0.0579834 0.337891 0.807617 0.387451 0.460449 0.760742 0.147461 0.306152 0.672363 0.737305 0.282471 0.553711
0.123779 0.922852 0.525879 0.364258 0.540039 0.348389 0.799805 0.561035 0.10437 0.594238 0.981445 0.0490723 0.022995 0.655762 0.120605 0.65625 0.241089 0.813477 0.904297 0.299072 0.151611 0.711914 0.686523 0.612305 0.472412 0.833984 0.918457 0.144775 0.571289 0.200806 0.69873 0.695312 0.123535 0.224243 0.0593262 0.663574 0.572754 0.859375 0.224731 0.676758 0.453369 0.206177 0.726074 0.476318 0.862305 0.84668 0.13269 0.10321 0.660156 0.0369568 0.402344 0.812012 0.749023 0.0888062 0.424072 0.221191 0.922852 0.342285 0.365967 0.494141 0.543457 0.0645142 0.189331 0.666992
0.288818 0.248657 0.330566 0.861328 0.10791 0.555176 0.538086 0.561035 0.76123 0.26416 0.0375671 0.623535 0.110779 0.170288 0.726562 0.770996 0.207275 0.129028 0.583008 0.956055 0.217773 0.0070076 0.177246 0.140625 0.349365 0.543457 0.634766 0.892578 0.60791 0.824219 0.55957 0.896484 0.072998 0.890137 0.757812 0.180908 0.445312 0.296143 0.742188 0.206787 0.560547 0.779785 0.830566 0.671387 0.950195 0.557129 0.442383 0.157349 0.686035 0.0252228 0.113403 0.903809 0.0322266 0.290771 0.0445862 0.381592 0.833984 0.679688 0.27417 0.44165 0.503906 0.833496 0.338379 0.57666
0.723633 0.0962524 0.757812 0.168823 0.392334 0.499756 0.375732 0.953125 0.279541 0.205933 0.624023 0.229492 0.763184 0.0664673 0.386963 0.449219 0.0916748 0.5 0.353271 0.123901 0.791016 0.397705 0.505371 0.625 0.0772705 0.779785 0.0665283 0.581055 0.613281 0.404785 0.157837 0.336914 0.500977 0.915527 0.505859 0.893555 0.415283 0.881348 0.846191 0.694824 0.0874634 0.470459 0.924316 0.850586 0.537109 0.311035 0.299805 0.628418 0.811523 0.652832 0.752441 0.602051 0.0507202 0.258057 0.227051 0.12793 0.0378723 0.293457 0.708984 0.651367 0.698242 0.866699 0.988281 0.199463
0.782227 0.494141 0.0928955 0.19751 0.375488 0.939453 0.89209 0.462891 0.409912 0.816406 0.313477 0.946777 0.127686 0.613281 0.575195 0.938965 0.266357 0.327881 0.541504 0.316895 0.585938 0.768555 0.445068 0.624023 0.0620117 0.154053 0.275146 0.760254 0.0208282 0.263428 0.959961 0.803223 0.757324 0.0527039 0.00064373 0.133057 0.992188 0.893066 0.596191 0.401855 0.709473 0.909668 0.348633 0.837402 0.522949 0.923828 0.776367 0.789062 0.251953 0.317871 0.106201 0.837891 0.0861816 0.55127 0.461914 0.148193 0.705078 0.737305 0.908691 0.726074 0.000674248 0.868164 0.529297 0.758301
0.920898 0.529785 0.891113 0.913086 0.422852 0.487305 0.314941 0.132202 0.396973 0.663574 0.969727 0.919922 0.587402 0.746094 0.708984 0.839355 0.0636597 0.81543 0.677246 0.149902 0.366455 0.139526 0.298096 0.0716553 0.876953 0.206665 0.797852 0.877441 0.0750732 0.326904 0.635742 0.996094 0.856445 0.526855 0.90918 0.279297 0.014061 0.224121 0.411621 0.410889 0.887695 0.381104 0.330811 0.474854 0.127075 0.0397034 0.314209 0.190796 0.85498 0.991699 0.340576 0.221313 0.131226 0.638672 0.292969 0.00791931 0.845215 0.0906982 0.885254 0.92041 0.41748 0.520996 0.916504 0.27417
0.047699 0.826172 0.553711 0.0617676 0.0500488 0.965332 0.472656 0.9375 0.346436 0.803223 0.412354 0.473633 0.843262 0.726562 0.664551 0.698242 0.718262 0.0050354 0.919434 0.849609 0.643555 0.212402 0.857422 0.489258 0.303223 0.742676 0.409668 0.720703 0.263672 0.326416 0.995117 0.311279 0.152466 0.548828 0.373047 0.202515 0.513672 0.845703 0.140015 0.860352 0.649414 0.552246 0.333984 0.492188 0.279053 0.998535 0.190308 0.997559 0.00336075 0.10968 0.847168 0.646973 0.322021 0.70459 0.136353 0.625488 0.447266 0.546387 0.345947 0.710938 0.872559 0.34082 0.0222931 0.0250397
0.889648 0.395508 0.227539 0.40332 0.241211 0.367432 0.263672 0.890625 0.919922 0.597656 0.382568 0.198975 0.596191 0.572754 0.196411 0.599609 0.682617 0.043396 0.246582 0.00476074 0.748047 0.383057 0.629883 0.195068 0.929199 0.976074 0.905762 0.801758 0.316895 0.928223 0.82666 0.206421 0.32373 0.0542603 0.609863 0.564941 0.421875 0.873535 0.455322 0.341797 0.471191 0.837891 0.540527 0.0672607 0.410889 0.737305 0.666504 0.0936279 0.780273 0.913086 0.0983887 0.52832 0.296143 0.728516 0.723633 0.22522 0.70459 0.629395 0.0269165 0.0212402 0.557617 0.853516 0.227661 0.881348
0.907715 0.837402 0.446289 0.32959 0.710938 0.901855 0.671387 0.182007 0.739746 0.212036 0.249268 0.150635 0.949219 0.916016 0.244263 0.729492 0.829102 0.342773 0.258057 0.125244 0.071106 0.981445 0.350342 0.775391 0.61084 0.377441 0.796875 0.168457 0.230957 0.024292 0.0498657 0.138916 0.861816 0.496094 0.46875 0.572754 0.397705 0.140015 0.754395 0.137451 0.352051 0.00387573 0.288086 0.30127 0.919922 0.532227 0.030899 0.749023 0.875 0.288818 0.874023 0.946289 0.270264 0.224487 0.72168 0.880859 0.602051 0.518555 0.0495605 0.833008 0.54248 0.0994263 0.97168 0.404297
0.595703 0.44043 0.976562 0.993652 0.580566 0.731445 0.130859 0.932617 0.735352 0.418945 0.233887 0.655273 0.95166 0.264893 0.404053 0.82666 0.553711 0.278076 0.772949 0.82373 0.502441 0.494385 0.705078 0.104492 0.0127487 0.754395 0.9375 0.555176 0.854004 0.90918 0.959473 0.449707 0.349854 0.936523 0.443115 0.930176 0.667969 0.57373 0.862793 0.403076 0.993164 0.0968018 0.058136 0.944336 0.361572 0.462158 0.770996 0.915039 0.740234 0.543945 0.739258 0.242798 0.0382385 0.444092 0.347412 0.0509949 0.19873 0.284668 0.606445 0.0527344 0.19397 0.565918 0.502441 0.543945
0.502441 0.945312 0.474121 0.170288 0.519531 0.336914 0.573242 0.512207 0.433594 0.631348 0.456787 0.79541 0.093689 0.227783 0.710449 0.833984 0.771484 0.449707 0.0766602 0.810059 0.894043 0.424072 0.86084 0.0925293 0.708984 0.467285 0.145264 0.902832 0.0333252 0.647461 0.446533 0.535645 0.593262 0.92041 0.706055 0.112366 0.257568 0.279541 0.624512 0.691406 0.911133 0.0814819 0.486572 0.00481796 0.309326 0.196899 0.838867 0.0809937 0.646484 0.915527 0.891113 0.540527 0.339355 0.751953 0.632812 0.0481567 0.219116 0.77832 0.951172 0.252441 0.426025 0.397461 0.788086 0.0189667
0.318115 0.494385 0.131348 0.575684 0.773926 0.755859 0.266602 0.685059 0.837402 0.75293 0.689941 0.146851 0.950195 0.528809 0.227783 0.59668 0.444092 0.118652 0.137085 0.783203 0.870605 0.77002 0.831543 0.0895996 0.54834 0.782227 0.342041 0.974121 0.179932 0.130249 0.993164 0.498047 0.624512 0.124573 0.0734253 0.398682 0.880371 0.340088 0.0839233 0.718262 0.0932617 0.773926 0.864746 0.0433655 0.30249 0.0926514 0.640137 0.746582 0.211304 0.777344 0.529785 0.0818481 0.547363 0.361572 0.171387 0.0957031 0.143921 0.513672 0.0700073 0.32373 0.643555 0.0632935 0.821777 0.268311
0.187866 0.89502 0.666992 0.0684814 0.235229 0.750977 0.786621 0.328613 0.524902 0.651367 0.371826 0.827637 0.744141 0.0119324 0.574219 0.955566 0.789062 0.104065 0.0372925 0.336426 0.465576 0.20874 0.432129 0.609375 0.722168 0.501953 0.933105 0.365723 0.56543 0.754883 0.634277 0.753418 0.650391 0.30127 0.821777 0.885254 0.0523682 0.608398 0.213989 0.577148 0.259766 0.585938 0.404785 0.00379562 0.597656 0.979004 0.959473 0.386963 0.0829468 0.996582 0.723145 0.54834 0.205322 0.155396 0.157959 0.927246 0.657227 0.0911865 0.293213 0.222778 0.846191 0.927246 0.976074 0.496338
0.228882 0.797852 0.381836 0.28125 0.406006 0.595703 0.858398 0.665527 0.181641 0.263184 0.669434 0.779297 0.242188 0.628418 0.166382 0.325195 0.625 0.889648 0.873535 0.830566 0.0450745 0.0315857 0.757812 0.702637 0.122803 0.0511475 0.925293 0.969238 0.978516 0.901367 0.465332 0.20752 0.69873 0.847168 0.488525 0.104858 0.443115 0.347168 0.770508 0.625 0.610352 0.439697 0.404297 0.852539 0.0684204 0.570801 0.177734 0.693848 0.460449 0.0513306 0.523926 0.505371 0.0828857 0.281982 0.208008 0.205688 0.333008 0.133301 0.174683 0.311768 0.0345459 0.640137 0.519043 0.733398
0.487549 0.00784302 0.838379 0.930664 0.35498 0.608887 0.555664 0.965332 0.048584 0.959961 0.817871 0.117004 0.530273 0.995605 0.810547 0.990723 0.046875 0.334717 0.496338 0.129761 0.616699 0.704102 0.335449 0.949707 0.837402 0.510254 0.261475 0.87207 0.150269 0.780762 0.605469 0.637695 0.788574 0.443848 0.568359 0.143555 0.0527039 0.123779 0.108887 0.101257 0.0835571 0.926758 0.218262 0.614258 0.922363 0.0289307 0.60498 0.969238 0.36377 0.101135 0.098999 0.980469 0.805176 0.43457 0.930176 0.643066 0.944824 0.19165 0.515137 0.0949707 0.972656 0.120605 0.73291 0.76123
0.564453 0.301025 0.904785 0.617188 0.424805 0.0134964 0.71875 0.508301 0.94043 0.937012 0.122437 0.862793 0.96582 0.727539 0.832031 0.329346 0.828613 0.930664 0.309814 0.633789 0.365479 0.239868 0.276855 0.310059 0.431641 0.791992 0.405029 0.404053 0.912598 0.137817 0.165161 0.477051 0.438965 0.0697021 0.0942993 0.86377 0.0831909 0.812988 0.372314 0.0234985 0.749512 0.494629 0.88623 0.715332 0.222046 0.717773 0.0447388 0.0504761 0.648926 0.354492 0.68457 0.0142441 0.594238 0.961426 0.324219 0.026001 0.75293 0.729492 0.430176 0.665527 0.867188 0.595215 0.142578 0.306152
0.665039 0.236816 0.1698 0.748047 0.0496521 0.541992 0.771484 0.799316 0.0368042 0.657715 0.514648 0.258789 0.375732 0.55957 0.309326 0.0245667 0.914062 0.993652 0.0387878 0.508301 0.955078 0.363037 0.53418 0.708008 0.0924683 0.964355 0.373535 0.959473 0.55957 0.516113 0.265625 0.224365 0.75293 0.435547 0.972656 0.802734 0.977539 0.744141 0.602051 0.0144043 0.401855 0.116516 0.273193 0.777344 0.675781 0.58252 0.802246 0.589844 0.576172 0.84082 0.0980225 0.530762 0.203979 0.632324 0.238892 0.296387 0.59668 0.612305 0.256104 0.156128 0.12854 0.521484 0.380615 0.881348
0.957031 0.353027 0.684082 0.93457 0.097168 0.286133 0.949219 0.499023 0.402588 0.222412 0.276611 0.0784302 0.804688 0.0786133 0.667969 0.381104 0.919434 0.766113 0.912109 0.123535 0.398438 0.151001 0.419922 0.995117 0.763672 0.675781 0.151245 0.89209 0.197632 0.531738 0.773438 0.154785 0.884766 0.457764 0.0895996 0.981934 0.743652 0.0387878 0.481201 0.14624 0.26123 0.757812 0.224731 0.06604 0.836426 0.893066 0.447021 0.755859 0.65918 0.359131 0.879395 0.0574951 0.510254 0.299316 0.0526123 0.273438 0.975098 0.203857 0.165527 0.172852 0.73584 0.938965 0.327637 0.620605
0.396729 0.417236 0.602539 0.140503 0.456055 0.0838013 0.286865 0.717285 0.841309 0.51123 0.783203 0.677734 0.404297 0.230469 0.433594 0.0633545 0.589355 0.312988 0.120911 0.0995483 0.612305 0.173462 0.373047 0.587402 0.377441 0.538574 0.760254 0.113098 0.477539 0.0880737 0.733887 0.874023 0.505371 0.336426 0.0146942 0.961426 0.420166 0.301514 0.678711 0.261719 0.812988 0.462158 0.939453 0.217285 0.692383 0.372803 0.280518 0.282227 0.685547 0.401611 0.381592 0.297852 0.575195 0.754883 0.885254 0.952148 0.293213 0.645996 0.0654297 0.770996 0.733887 0.799316 0.64502 0.239258
0.135498 0.659668 0.200806 0.555664 0.960938 0.879395 0.817383 0.773926 0.341797 0.756348 0.991211 0.0344238 0.129395 0.271973 0.31665 0.81543 0.67334 0.698242 0.113159 0.248413 0.452881 0.998535 0.200806 0.746094 0.644531 0.266113 0.51709 0.378174 0.0653687 0.161987 0.617676 0.200806 0.821777 0.818359 0.756348 0.782715 0.697754 0.57373 0.557129 0.0396423 0.330322 0.54834 0.0740356 0.459717 0.820312 0.390625 0.274902 0.493652 0.0888062 0.387939 0.742188 0.541992 0.386719 0.942871 0.287842 0.0309753 0.208984 0.804688 0.40918 0.274414 0.966797 0.0265961 0.475098 0.788574
0.844727 0.231567 0.571777 0.54248 0.805176 0.12854 0.582031 0.135498 0.676758 0.65625 0.595215 0.49707 0.0469055 0.870117 0.990723 0.135742 0.258057 0.73291 0.677246 0.644531 0.675293 0.965332 0.675781 0.884277 0.770508 0.0848389 0.158813 0.737305 0.11145 0.634277 0.525879 0.956055 0.865723 0.0975342 0.498779 0.670898 0.226074 0.0811768 0.806641 0.902832 0.737305 0.401611 0.399902 0.78418 0.271729 0.390625 0.919922 0.529785 0.123291 0.597656 0.174316 0.798828 0.562988 0.850098 0.683105 0.333252 0.935059 0.842285 0.0706787 0.0463257 0.476318 0.59668 0.00257111 0.341797
0.694336 0.501465 0.0128479 0.92041 0.58252 0.819336 0.823242 0.320068 0.220825 0.223145 0.104553 0.492432 0.61377 0.0246429 0.022171 0.737305 0.62207 0.196533 0.536133 0.185181 0.0465698 0.219238 0.518555 0.981445 0.0614014 0.589355 0.027771 0.537598 0.185913 0.0303345 0.879395 0.879883 0.531738 0.892578 0.800293 0.114441 0.711426 0.623535 0.43457 0.932617 0.84668 0.539062 0.425049 0.460449 0.563965 0.447266 0.19751 0.185913 0.643555 0.733398 0.371094 0.69043 0.952637 0.889648 0.671875 0.0140762 0.479004 0.699707 0.551758 0.665039 0.72998 0.431152 0.544922 0.261719
0.323486 0.345215 0.376221 0.0352173 0.96875 0.810547 0.967773 0.81543 0.349854 0.392822 0.275635 0.913574 0.839844 0.473145 0.0995483 0.483643 0.206665 0.470703 0.17395 0.159424 0.360596 0.845703 0.173462 0.839355 0.54541 0.725098 0.504395 0.275146 0.156372 0.0493469 0.536621 0.47998 0.394531 0.913086 0.515137 0.363037 0.723633 0.48291 0.178345 0.0735474 0.875488 0.454102 0.987305 0.71582 0.927246 0.0866699 0.199341 0.133911 0.557617 0.373291 0.293213 0.917969 0.219116 0.466797 0.757324 0.76416 0.191895 0.261963 0.0395508 0.348389 0.311279 0.576172 0.828125 0.705566
0.489502 0.343262 0.0689087 0.213135 0.826172 0.247192 0.286621 0.70166 0.701172 0.273682 0.41748 0.628418 0.360352 0.616699 0.762207 0.917969 0.990234 0.0556946 0.835938 0.209106 0.522461 0.593262 0.973633 0.714355 0.85498 0.0130386 0.0627441 0.166504 0.589355 0.891113 0.87207 0.0788574 0.234375 0.940918 0.291992 0.0605774 0.188354 0.578613 0.762207 0.889648 0.852539 0.179932 0.518066 0.212769 0.796387 0.280518 0.130493 0.786621 0.336182 0.966309 0.995605 0.858887 0.55957 0.969238 0.573242 0.414551 0.982422 0.635742 0.581055 0.571777 0.526855 0.453369 0.650391 0.76123
0.394531 0.942383 0.821777 0.583008 0.520996 0.584473 0.472412 0.373535 0.76416 0.990723 0.586426 0.560547 0.270996 0.716797 0.347412 0.606934 0.683105 0.343262 0.46582 0.242432 0.3125 0.0389099 0.657227 0.294922 0.674805 0.238159 0.866699 0.20166 0.691406 0.51709 0.962891 0.0859985 0.459717 0.784668 0.668945 0.980957 0.368896 0.141479 0.354492 0.133179 0.131958 0.94043 0.693848 0.403076 0.657227 0.0413208 0.0101471 0.340332 0.384521 0.47583 0.58252 0.697266 0.514648 0.239624 0.991699 0.189575 0.477783 0.858398 0.391357 0.169189 0.375732 0.354248 0.255371 0.835449
0.138916 0.924316 0.816406 0.507812 0.0656128 0.170898 0.641113 0.197632 0.11145 0.334961 0.600586 0.768555 0.376221 0.61084 0.108887 0.760742 0.086731 0.691406 0.458008 0.601562 0.931152 0.449951 0.791016 0.408936 0.30835 0.182495 0.578125 0.684082 0.536621 0.833496 0.519531 0.675781 0.757812 0.336182 0.183594 0.823242 0.506836 0.824707 0.020813 0.618652 0.159668 0.621582 0.387207 0.536133 0.2323 0.496094 0.296875 0.318848 0.187622 0.754883 0.92041 0.118774 0.20459 0.711914 0.527832 0.513184 0.894043 0.105835 0.197144 0.430908 0.939453 0.716797 0.106445 0.696777
0.0531311 0.290039 0.52002 0.560059 0.114685 0.541016 0.178711 0.274414 0.162231 0.565918 0.810059 0.394531 0.0619812 0.106934 0.713379 0.249634 0.861816 0.633789 0.368408 0.0662231 0.345703 0.895996 0.579102 0.239868 0.00190449 0.776367 0.670898 0.940918 0.493408 0.777344 0.637695 0.546387 0.0671387 0.157837 0.106628 0.181885 0.69873 0.2854 0.456055 0.86084 0.851074 0.266357 0.255371 0.913086 0.373291 0.96875 0.162842 0.234985 0.603027 0.53125 0.30127 0.948242 0.427246 0.880371 0.188354 0.429199 0.656738 0.858887 0.370361 0.150024 0.63623 0.00824738 0.696289 0.703125
0.166138 0.803223 0.885254 0.864746 0.088501 0.341309 0.725586 0.939941 0.607422 0.980957 0.853027 0.980957 0.950195 0.0157776 0.21582 0.552734 0.546875 0.51709 0.501465 0.974121 0.397461 0.689453 0.403564 0.0541992 0.54834 0.773926 0.204224 0.184692 0.782227 0.900879 0.887695 0.948242 0.704102 0.772949 0.812988 0.79248 0.114319 0.538574 0.731934 0.72168 0.52002 0.584961 0.702637 0.469727 0.600586 0.918457 0.0226288 0.147827 0.435791 0.523926 0.122192 0.833008 0.213501 0.525879 0.887207 0.762207 0.299805 0.0916138 0.946777 0.0818481 0.992188 0.834473 0.0301361 0.696289
0.607422 0.843262 0.48877 0.722168 0.38208 0.220825 0.443848 0.901855 0.805664 0.146606 0.371582 0.406738 0.0653076 0.394287 0.554688 0.500977 0.918457 0.676758 0.334229 0.131714 0.202515 0.221558 0.893555 0.501953 0.313232 0.840332 0.583984 0.305664 0.674805 0.614258 0.00189781 0.282715 0.457275 0.490479 0.00458145 0.839355 0.711426 0.448486 0.741211 0.51709 0.595215 0.112854 0.923828 0.660156 0.507324 0.478516 0.161377 0.425293 0.155151 0.495605 0.557129 0.357666 0.717285 0.450928 0.859863 0.0302887 0.29126 0.443848 0.335938 0.966309 0.0579529 0.337891 0.248901 0.515137
0.828613 0.253418 0.354736 0.539551 0.70166 0.0958252 0.0570068 0.296875 0.208618 0.980957 0.957031 0.71582 0.459229 0.118652 0.141235 0.614258 0.614258 0.698242 0.972168 0.331299 0.14917 0.832031 0.361572 0.44043 0.275635 0.697266 0.406738 0.33374 0.0352783 0.655762 0.849121 0.86377 0.90918 0.203613 0.40332 0.61084 0.299316 0.460449 0.907715 0.508301 0.441406 0.865234 0.223999 0.900879 0.983887 0.365234 0.515137 0.598145 0.0635376 0.487305 0.929199 0.212646 0.319092 0.290771 0.652832 0.594727 0.988281 0.0596924 0.928711 0.0235901 0.715332 0.777832 0.887207 0.624023
0.981445 0.290771 0.235107 0.280762 0.750977 0.142944 0.788574 0.192383 0.00805664 0.0127182 0.0931396 0.991699 0.37793 0.608398 0.589844 0.441406 0.0955811 0.519043 0.654297 0.414795 0.80957 0.307129 0.00971222 0.79834 0.366943 0.938477 0.821777 0.0820923 0.71582 0.708984 0.706543 0.697266 0.999512 0.941406 0.978027 0.750488 0.0844727 0.766602 0.942871 0.0925293 0.779297 0.0362244 0.0842896 0.157227 0.644531 0.673828 0.598633 0.740234 0.192993 0.252686 0.154907 0.00278091 0.560059 0.164673 0.800781 0.926758 0.102966 0.622559 0.00892639 0.818848 0.331543 0.715332 0.516113 0.331055
0.656738 0.493896 0.0817871 0.741211 0.260498 0.0249023 0.833984 0.039917 0.0611267 0.917969 0.197144 0.705566 0.592285 0.795898 0.445801 0.785156 0.048645 0.600586 0.788086 0.608398 0.765137 0.588867 0.535156 0.868164 0.211426 0.544434 0.687012 0.542969 0.259521 0.203247 0.874023 0.916504 0.697266 0.955566 0.657715 0.95752 0.980469 0.491455 0.997559 0.0418396 0.409424 0.194824 0.747559 0.0016222 0.990723 0.193237 0.786621 0.0393677 0.793945 0.574707 0.647949 0.559082 0.163452 0.18335 0.42749 0.374756 0.727539 0.114685 0.91748 0.987305 0.317871 0.791504 0.903809 0.0150757
0.747559 0.561523 0.972656 0.728027 0.0527344 0.970703 0.77002 0.462158 0.165405 0.517578 0.463867 0.156128 0.710938 0.250488 0.195435 0.504883 0.825195 0.843262 0.0640869 0.98877 0.0267029 0.491699 0.363281 0.754395 0.606445 0.281006 0.741699 0.924316 0.0726929 0.645508 0.939453 0.820312 0.206543 0.912109 0.54834 0.259277 0.882812 0.318359 0.72168 0.0479431 0.835938 0.185425 0.203979 0.546875 0.436035 0.399414 0.0515747 0.26123 0.242798 0.115662 0.249756 0.269531 0.607422 0.613281 0.0238953 0.213501 0.894043 0.765625 0.137695 0.966797 0.410889 0.0769653 0.787109 0.617188
0.989258 0.335449 0.876465 0.871582 0.653809 0.598145 0.919434 0.48999 0.783691 0.123596 0.0366821 0.219604 0.522949 0.0882568 0.480713 0.765625 0.203857 0.730469 0.0353699 0.811035 0.34375 0.0592346 0.0246582 0.237793 0.824707 0.162354 0.204712 0.235596 0.23938 0.991699 0.853027 0.228394 0.327393 0.729492 0.100037 0.981445 0.327881 0.0195923 0.471191 0.11145 0.143188 0.507812 0.331055 0.666016 0.596191 0.811523 0.431885 0.799805 0.54248 0.467285 0.611328 0.885742 0.526367 0.635742 0.123718 0.351318 0.79834 0.328369 0.586914 0.0375366 0.320312 0.439941 0.265869 0.647461
0.169556 0.365967 0.628906 0.497314 0.385498 0.100037 0.608887 0.528809 0.60791 0.939941 0.194946 0.203979 0.751465 0.626953 0.0039978 0.293945 0.0942993 0.615234 0.17981 0.621094 0.250977 0.303467 0.972168 0.0491028 0.631836 0.559082 0.0866089 0.952148 0.999023 0.352539 0.599609 0.168579 0.71875 0.228638 0.666016 0.104065 0.328613 0.274902 0.632812 0.936523 0.214722 0.827637 0.140625 0.966309 0.45459 0.144653 0.260254 0.548828 0.759766 0.439941 0.1698 0.0106888 0.743652 0.14209 0.0597839 0.375488 0.701172 0.146362 0.327637 0.700195 0.499023 0.927246 0.868652 0.217407
0.156006 0.534668 0.321533 0.484619 0.80957 0.95459 0.421387 0.0243835 0.782227 0.562012 0.990723 0.236694 0.706543 0.250977 0.785645 0.466309 0.690918 0.955566 0.477051 0.43457 0.0974731 0.536621 0.810059 0.798828 0.683105 0.137451 0.499023 0.182251 0.0646973 0.36792 0.399658 0.220703 0.902832 0.721191 0.705566 0.712402 0.675781 0.126709 0.736816 0.457764 0.688477 0.727539 0.694336 0.395264 0.978516 0.47998 0.861816 0.669434 0.435547 0.338867 0.104004 0.533203 0.875488 0.914062 0.331787 0.559082 0.0513 0.830566 0.741211 0.116028 0.198608 0.140747 0.33667 0.101257
0.861816 0.0420837 0.813477 0.537598 0.168823 0.550293 0.995117 0.857422 0.277832 0.689453 0.25293 0.256348 0.169678 0.114502 0.925781 0.60498 0.453369 0.0298615 0.138184 0.328857 0.943848 0.469727 0.887695 0.995117 0.300537 0.628906 0.111023 0.499023 0.769531 0.447754 0.600586 0.631348 0.489746 0.414062 0.168823 0.658691 0.964355 0.16394 0.516113 0.24231 0.853516 0.769043 0.498779 0.0232086 0.883301 0.424561 0.628418 0.33667 0.45459 0.766602 0.665527 0.398193 0.236328 0.553223 0.393311 0.536621 0.182007 0.504395 0.0359192 0.95166 0.952148 0.63623 0.58252 0.441895
0.050293 0.751465 0.100586 0.0147324 0.915527 0.616699 0.25708 0.769043 0.385742 0.755859 0.79248 0.269287 0.18042 0.420654 0.605957 0.634766 0.187134 0.271484 0.0330811 0.423584 0.824707 0.42627 0.960449 0.0068512 0.930664 0.996094 0.958496 0.882812 0.632324 0.541016 0.324463 0.682617 0.29248 0.425049 0.697754 0.20813 0.0418701 0.95459 0.977051 0.42749 0.710449 0.769531 0.696777 0.890625 0.190063 0.302734 0.525879 0.377197 0.574219 0.558594 0.800781 0.39917 0.985352 0.76123 0.406006 0.915527 0.757324 0.364258 0.79834 0.389893 0.905273 0.122925 0.0726318 0.197998
0.547852 0.77002 0.406006 0.589844 0.724609 0.383301 0.0175476 0.435303 0.15271 0.714355 0.326172 0.342773 0.0171814 0.852051 0.719727 0.591309 0.410645 0.520508 0.990723 0.395752 0.281494 0.396729 0.311523 0.0388489 0.76123 0.109985 0.428711 0.666504 0.23291 0.501465 0.864258 0.780762 0.271484 0.270508 0.37085 0.996094 0.653809 0.388428 0.431641 0.806152 0.102844 0.757812 0.149048 0.120056 0.609375 0.869141 0.711426 0.0202484 0.389648 0.702148 0.416016 0.671387 0.0990601 0.727539 0.709961 0.860352 0.837402 0.138672 0.526367 0.0704956 0.640137 0.390869 0.851562 0.911133
0.661621 0.222412 0.907715 0.314941 0.61084 0.339111 0.121277 0.713867 0.0969238 0.270264 0.833984 0.706543 0.139282 0.54541 0.726562 0.528809 0.247681 0.142822 0.199951 0.34668 0.870605 0.910156 0.206909 0.708008 0.0486755 0.733398 0.77832 0.688477 0.124512 0.629883 0.600098 0.785645 0.852539 0.507324 0.100891 0.463379 0.84668 0.222168 0.177246 0.943848 0.492432 0.011055 0.649902 0.631836 0.556641 0.376953 0.160522 0.804199 0.519531 0.360596 0.151001 0.390137 0.270508 0.35791 0.0980835 0.319336 0.0914307 0.876465 0.00785065 0.215942 0.506836 0.60791 0.00181198 0.359131
0.115356 0.102722 0.822266 0.961914 0.324951 0.999512 0.905762 0.817383 0.0107422 0.555664 0.449219 0.567383 0.932617 0.609863 0.371338 0.452393 0.970215 0.522461 0.842285 0.240845 0.880371 0.94043 0.560059 0.97168 0.817383 0.567871 0.187744 0.32373 0.175781 0.189575 0.683105 0.291016 0.292236 0.505371 0.253174 0.617188 0.504883 0.158936 0.43457 0.515625 0.714844 0.883789 0.0830078 0.647461 0.493408 0.45459 0.0999756 0.463623 0.977051 0.942383 0.70459 0.857422 0.882812 0.264404 0.829102 0.700195 0.83252 0.0167694 0.0239563 0.00811768 0.206299 0.707031 0.299316 0.498535
0.21228 0.552246 0.115723 0.717285 0.711426 0.550293 0.233154 0.42627 0.433838 0.316162 0.0738525 0.927246 0.770508 0.173828 0.390625 0.747559 0.116272 0.0950317 0.60498 0.999023 0.359375 0.433838 0.699219 0.191895 0.450684 0.723145 0.199951 0.656738 0.430176 0.499268 0.155518 0.642578 0.0515747 0.27124 0.359863 0.763184 0.821289 0.592773 0.189209 0.255127 0.90918 0.262939 0.182373 0.679688 0.436768 0.572754 0.427246 0.553223 0.667969 0.0318909 0.552246 0.0274658 0.46582 0.251709 0.21936 0.916504 0.975098 0.419189 0.573242 0.405273 0.918457 0.728516 0.047821 0.970215
1 0.407471 0.73291 0.821289 0.00044632 0.922363 0.076416 0.909668 0.185181 0.258789 0.588867 0.62207 0.831543 0.0162354 0.175171 0.499756 0.0481262 0.727539 0.527344 0.513672 0.979492 0.746582 0.430176 0.95459 0.165771 0.00330162 0.359863 0.0842285 0.731934 0.407715 0.0542908 0.731934 0.81543 0.787109 0.553223 0.81543 0.709473 0.629395 0.725098 0.894531 0.888184 0.314209 0.516602 0.719727 0.330566 0.691895 0.219482 0.378662 0.419434 0.746582 0.892578 0.398682 0.493164 0.32251 0.353027 0.658691 0.325928 0.712891 0.743164 0.0578003 0.120483 0.797363 0.789551 0.935547
0.584473 0.342529 0.751465 0.294189 0.972168 0.476562 0.188843 0.859863 0.790527 0.705566 0.580078 0.121155 0.397461 0.799316 0.499756 0.816895 0.545898 0.39209 0.21521 0.0390625 0.714844 0.568359 0.697754 0.0405884 0.28125 0.440918 0.0983887 0.401611 0.238403 0.888184 0.337402 0.822754 0.230469 0.0886841 0.117126 0.202515 0.56543 0.305908 0.062561 0.355957 0.0113983 0.642578 0.477051 0.408691 0.44165 0.977051 0.225464 0.987793 0.369141 0.440674 0.0267944 0.0838013 0.0089798 0.724609 0.124329 0.290039 0.165771 0.222778 0.691895 0.404053 0.110657 0.0290222 0.227051 0.341309
0.117737 0.344238 0.543457 0.683105 0.649902 0.606445 0.0388184 0.661621 0.248657 0.516113 0.0702515 0.69043 0.492676 0.295654 0.678223 0.861816 0.736328 0.705078 0.945801 0.745117 0.429688 0.0699463 0.0354004 0.595215 0.292725 0.727051 0.999512 0.40332 0.756348 0.226562 0.744629 0.874023 0.570801 0.28833 0.556641 0.220825 0.894531 0.595703 0.882324 0.143188 0.111511 0.952637 0.833496 0.604492 0.248169 0.511719 0.466064 0.984375 0.216553 0.411865 0.72998 0.646484 0.481689 0.765137 0.241577 0.774414 0.492188 0.241089 0.177856 0.248413 0.467529 0.922363 0.122314 0.0382996
0.210693 0.679199 0.259033 0.105225 0.274658 0.141357 0.248413 0.38623 0.093811 0.0819702 0.990234 0.342041 0.59375 0.456543 0.326416 0.810059 0.868164 0.0561523 0.456543 0.350098 0.821289 0.698242 0.124451 0.313721 0.939453 0.302246 0.562012 0.406738 0.224731 0.68457 0.445068 0.435303 0.363525 0.704102 0.540527 0.638184 0.845703 0.789062 0.024292 0.939453 0.871094 0.0147552 0.28125 0.4646 0.471436 0.60791 0.274902 0.3396 0.664062 0.731445 0.689941 0.485107 0.429443 0.813965 0.798828 0.368652 0.116455 0.36084 0.775391 0.341064 0.0453186 0.220703 0.776367 0.408691
0.924805 0.317139 0.0469055 0.770508 0.10614 0.071228 0.709961 0.977051 0.0859375 0.991211 0.44165 0.557129 0.599121 0.716309 0.896973 0.262939 0.447998 0.586914 0.748047 0.877441 0.400879 0.546875 0.246216 0.51709 0.907715 0.0217896 0.858398 0.953125 0.242554 0.634766 0.362061 0.16748 0.952148 0.408936 0.937988 0.058197 0.47998 0.647949 0.0352478 0.565918 0.63916 0.477051 0.123291 0.238037 0.193481 0.0202637 0.500977 0.641602 0.606934 0.248901 0.519043 0.00780106 0.795898 0.765137 0.524902 0.703613 0.786621 0.383545 0.656738 0.0293121 0.0185394 0.0188599 0.196777 0.970703
