64
64
0.427734 0.411133 0.869629 0.108887 0.23584 0.722656 0.265137 0.351074 0.501953 0.629883 0.63623 0.513672 0.661133 0.262695 0.0110855 0.925293 0.473389 0.228027 0.591309 0.609375 0.192139 0.183105 0.994141 0.465088 0.051178 0.302979 0.804688 0.788086 0.89502 0.662598 0.200439 0.843262 0.510742 0.622559 0.143066 0.233276 0.104126 0.184692 0.535156 0.749023 0.944336 0.206299 0.184326 0.0225067 0.87793 0.379883 0.465088 0.088562 0.746582 0.416992 0.586426 0.487549 0.63623 0.970215 0.164307 0.538574 0.495117 0.417725 0.881348 0.698242 0.915527 0.053894 0.505371 0.492188
0.134766 0.439697 0.503418 0.423096 0.00505829 0.287354 0.367188 0.476318 0.516113 0.880371 0.0597229 0.619629 0.192017 0.500488 0.282715 0.412598 0.833496 0.597656 0.370117 0.760254 0.098999 0.233154 0.888672 0.829102 0.708496 0.345947 0.789551 0.713379 0.834473 0.404297 0.493164 0.872559 0.921387 0.88623 0.297119 0.786621 0.216431 0.539551 0.347656 0.293945 0.804688 0.779297 0.657715 0.120239 0.731445 0.398193 0.27832 0.901367 0.336914 0.182983 0.65625 0.276367 0.0566101 0.944336 0.900879 0.0701904 0.937012 0.362549 0.878906 0.00706482 0.96582 0.24292 0.748535 0.266357
0.0288086 0.420166 0.512695 0.0941772 0.675781 0.19397 0.9375 0.228027 0.313721 0.439697 0.623535 0.535156 0.14978 0.491699 0.259766 0.93457 0.697266 0.879883 0.184082 0.432861 0.280518 0.0389404 0.0575256 0.435791 0.146484 0.603516 0.148071 0.209351 0.933105 0.824219 0.527344 0.682129 0.561035 0.734375 0.0856323 0.0960083 0.927734 0.317139 0.119324 0.650879 0.799805 0.0300293 0.0519104 0.96582 0.975586 0.708008 0.291016 0.380371 0.48584 0.0708008 0.575684 0.250244 0.951172 0.129517 0.374512 0.397949 0.187988 0.489014 0.090271 0.0104599 0.19812 0.274414 0.965332 0.504395
0.907715 0.633789 0.766602 0.309814 0.247925 0.216797 0.228882 0.503418 0.464844 0.586914 0.620117 0.90625 0.848633 0.108887 0.581055 0.0283966 0.142456 0.401855 0.182129 0.572266 0.359375 0.245728 0.859863 0.694336 0.754395 0.0429077 0.760254 0.279541 0.750488 0.273193 0.0176849 0.763184 0.250977 0.669922 0.834961 0.78125 0.684082 0.577637 0.357178 0.30542 0.74707 0.927734 0.208374 0.855469 0.788086 0.0916748 0.814941 0.720703 0.785156 0.949219 0.866211 0.292236 0.978027 0.939453 0.45874 0.744141 0.67627 0.604492 0.692871 0.509277 0.955566 0.545898 0.429932 0.641602
0.782715 0.833984 0.438965 0.800781 0.609375 0.13916 0.776367 0.705078 0.949707 0.719238 0.512207 0.300781 0.381348 0.600586 0.181641 0.79541 0.302246 0.385254 0.465332 0.574707 0.476807 0.0551453 0.117615 0.348389 0.749023 0.36499 0.97168 0.580566 0.70752 0.350586 0.663574 0.733398 0.752441 0.052002 0.276855 0.751953 0.864258 0.630859 0.188843 0.0324707 0.627441 0.536133 0.490479 0.615723 0.0526428 0.744629 0.133057 0.773438 0.49707 0.220459 0.25415 0.636719 0.490234 0.993164 0.13501 0.640625 0.26123 0.151367 0.526367 0.133057 0.165283 0.204712 0.175537 0.158447
0.0640869 0.431641 0.538086 0.230469 0.591797 0.417725 0.406494 0.0437012 0.78418 0.069519 0.568848 0.306641 0.215088 0.716309 0.797363 0.810547 0.961914 0.50293 0.510254 0.947266 0.031311 0.920898 0.537598 0.333496 0.365967 0.919434 0.992676 0.649414 0.160767 0.732422 0.174194 0.248901 0.418945 0.19043 0.445312 0.119812 0.689453 0.740234 0.683594 0.926758 0.011734 0.640137 0.248779 0.735352 0.745117 0.889648 0.580078 0.708496 0.664062 0.498535 0.890137 0.452881 0.577637 0.0245819 0.451904 0.156616 0.708008 0.604492 0.0123367 0.0162811 0.0479431 0.839844 0.981445 0.83252
0.473877 0.397705 0.76709 0.508789 0.498779 0.991699 0.650391 0.3125 0.65918 0.759277 0.362061 0.335693 0.297852 0.352051 0.939453 0.49585 0.367676 0.838379 0.793457 0.97998 0.398682 0.64502 0.198853 0.861328 0.00067091 0.627441 0.630859 0.0304871 0.417969 0.84082 0.297852 0.386719 0.97168 0.322998 0.459961 0.681641 0.798828 0.408936 0.0332336 0.745117 0.569336 0.720703 0.0586548 0.19751 0.355713 0.956055 0.22229 0.487061 0.489258 0.0161285 0.0874634 0.298584 0.206909 0.0195618 0.571777 0.491699 0.427002 0.0752563 0.98584 0.262451 0.328857 0.789062 0.62793 0.603027
0.421631 0.825195 0.270264 0.879883 0.644531 0.00025773 0.130981 0.326904 0.420166 0.540527 0.540039 0.484375 0.64209 0.353027 0.604492 0.685547 0.587402 0.472656 0.445068 0.831055 0.633789 0.299561 0.589844 0.328369 0.414795 0.508301 0.80957 0.786621 0.0547791 0.546875 0.221924 0.485107 0.991699 0.183105 0.629883 0.439697 0.85498 0.519531 0.572754 0.641602 0.742676 0.808105 0.933594 0.184448 0.375244 0.945801 0.596191 0.16626 0.69043 0.963379 0.75293 0.354248 0.589844 0.228027 0.210938 0.705566 0.386475 0.185425 0.0897827 0.661133 0.0846558 0.690918 0.432617 0.145386
0.541016 0.102844 0.997559 0.23877 0.280518 0.45752 0.657227 0.231567 0.215088 0.757812 0.0372925 0.261475 0.396973 0.788086 0.364258 0.556152 0.262695 0.0205383 0.444092 0.871582 0.33667 0.473389 0.937988 0.542969 0.844727 0.914551 0.259277 0.812012 0.956543 0.462891 0.704102 0.980957 0.606445 0.933594 0.352539 0.53418 0.438721 0.854004 0.883301 0.0202789 0.0719604 0.826172 0.509277 0.657715 0.152466 0.0573425 0.133667 0.666016 0.534668 0.941406 0.201538 0.886719 0.110168 0.818359 0.541504 0.569336 0.28418 0.481689 0.941895 0.333008 0.750977 0.273926 0.811523 0.120544
0.597168 0.895996 0.70166 0.431152 0.00925446 0.945801 0.392822 0.0365601 0.981934 0.575684 0.50293 0.0714111 0.652832 0.524414 0.507324 0.816895 0.300049 0.884277 0.441406 0.779297 0.422363 0.243164 0.460693 0.625 0.124207 0.655762 0.338623 0.474121 0.249878 0.387939 0.890625 0.407715 0.965332 0.373291 0.72168 0.342285 0.796875 0.54248 0.870117 0.292236 0.515137 0.610352 0.0733032 0.00139332 0.855469 0.608398 0.520996 0.0330505 0.705566 0.900879 0.357178 0.665527 0.185791 0.841797 0.494629 0.80127 0.245239 0.916016 0.402344 0.720215 0.524902 0.830078 0.0950317 0.83252
0.659668 0.433838 0.87207 0.771973 0.815918 0.781738 0.372314 0.960449 0.058197 0.522461 0.183228 0.116638 0.847168 0.0297089 0.870117 0.0359192 0.894531 0.607422 0.410156 0.554688 0.67041 0.919922 0.311523 0.259277 0.678711 0.422363 0.722168 0.568359 0.822754 0.882812 0.165161 0.329834 0.286865 0.547363 0.390625 0.987793 0.69043 0.635254 0.817383 0.848633 0.576172 0.0637207 0.152954 0.637207 0.986328 0.26416 0.628906 0.692383 0.0154495 0.997559 0.231201 0.90625 0.898438 0.0119247 0.654297 0.0556641 0.761719 0.00769806 0.310791 0.853027 0.868164 0.813477 0.959961 0.243408
0.734375 0.93457 0.724121 0.259521 0.179688 0.321045 0.914551 0.127808 0.644043 0.398926 0.305908 0.905762 0.929199 0.210083 0.853516 0.707031 0.608887 0.0368652 0.392334 0.984863 0.198975 0.922852 0.59668 0.877441 0.443359 0.837402 0.692871 0.164795 0.979492 0.3125 0.397461 0.272705 0.396973 0.636719 0.760254 0.883789 0.302246 0.161133 0.107971 0.12323 0.0963135 0.164429 0.461914 0.932129 0.788086 0.891113 0.780273 0.511719 0.817871 0.0484314 0.360596 0.750488 0.742188 0.810059 0.5625 0.0675049 0.369873 0.123291 0.704102 0.822754 0.79834 0.268799 0.268311 0.4104
0.617188 0.77002 0.8125 0.136108 0.92041 0.88623 0.0118484 0.167969 0.161011 0.614746 0.448486 0.944336 0.923828 0.842773 0.460205 0.0218201 0.0471191 0.985352 0.467041 0.879395 0.375977 0.249268 0.950684 0.598145 0.770508 0.0744629 0.575684 0.420654 0.140015 0.38501 0.0931396 0.056427 0.233154 0.407471 0.860352 0.845215 0.227661 0.86084 0.598145 0.71875 0.983887 0.776367 0.884277 0.288818 0.116699 0.569824 0.133423 0.131592 0.29126 0.979492 0.833984 0.209717 0.549316 0.367432 0.2854 0.249878 0.788086 0.657715 0.663574 0.864258 0.635742 0.270508 0.111084 0.880859
0.160522 0.266846 0.0125198 0.210449 0.82373 0.00683975 0.708496 0.998047 0.953125 0.800293 0.689453 0.350098 0.350342 0.922363 0.404785 0.0457153 0.498779 0.0144577 0.188477 0.557129 0.896973 0.258789 0.125244 0.119446 0.927734 0.166504 0.190674 0.226929 0.119019 0.164062 0.560059 0.603027 0.959961 0.500488 0.935059 0.114075 0.193359 0.0252838 0.00956726 0.963867 0.151978 0.691895 0.352051 0.228638 0.666016 0.0929565 0.888672 0.412598 0.663574 0.847168 0.429688 0.0996094 0.198242 0.931152 0.0852051 0.509766 0.764648 0.83252 0.173096 0.344727 0.561035 0.626953 0.00163269 0.329346
0.375732 0.176025 0.782227 0.400635 0.986328 0.876465 0.407471 0.856934 0.223022 0.805176 0.137085 0.916504 0.146362 0.384521 0.884277 0.814941 0.055603 0.377686 0.300049 0.929688 0.407715 0.228516 0.209351 0.522949 0.390625 0.529297 0.50293 0.0580139 0.449951 0.610352 0.627441 0.274658 0.983887 0.876953 0.842285 0.432129 0.18457 0.890625 0.878906 0.522949 0.276367 0.796387 0.483398 0.761719 0.30957 0.314209 0.552246 0.369629 0.194336 0.207031 0.177246 0.384521 0.703613 0.868164 0.138794 0.724609 0.900879 0.844727 0.686523 0.915527 0.39917 0.549316 0.818848 0.346436
0.224365 0.539062 0.546387 0.835938 0.443604 0.0949707 0.404297 0.256836 0.295898 0.863281 0.601074 0.29834 0.215942 0.269043 0.65918 0.296875 0.272461 0.812988 0.279541 0.190186 0.718262 0.0921631 0.929199 0.984863 0.830078 0.556152 0.876953 0.52832 0.945312 0.45166 0.428711 0.37793 0.588867 0.783691 0.578125 0.666992 0.273682 0.947754 0.908691 0.742188 0.372314 0.979492 0.138428 0.0683594 0.510254 0.226562 0.193604 0.323242 0.81543 0.720215 0.64209 0.990723 0.135498 0.987793 0.103882 0.627441 0.00253677 0.641113 0.299805 0.90918 0.690918 0.513672 0.987793 0.23645
0.409424 0.332031 0.120361 0.907227 0.691895 0.235229 0.83252 0.150391 0.765137 0.5625 0.366699 0.685547 0.752441 0.541504 0.957031 0.100281 0.324463 0.959473 0.832031 0.346191 0.856445 0.954102 0.311035 0.349121 0.769531 0.376953 0.540527 0.44751 0.447998 0.536133 0.710449 0.796387 0.537109 0.674316 0.198608 0.0190125 0.422363 0.545898 0.296631 0.155762 0.293701 0.0690918 0.555176 0.885254 0.589355 0.125977 0.0119171 0.0934448 0.0517578 0.657715 0.770508 0.329102 0.0658569 0.555664 0.15918 0.445312 0.0799561 0.219971 0.603027 0.553223 0.285645 0.093689 0.645996 0.442627
0.894531 0.622559 0.995117 0.612305 0.268066 0.773438 0.95752 0.955566 0.209106 0.207031 0.481201 0.0205078 0.10791 0.246216 0.0700684 0.478271 0.726562 0.786621 0.211304 0.388916 0.836914 0.487793 0.413818 0.413086 0.0631714 0.0643921 0.161011 0.915039 0.069519 0.132812 0.672852 0.0875854 0.341797 0.579102 0.318604 0.615723 0.768555 0.583008 0.597656 0.919922 0.0370178 0.443359 0.492432 0.132446 0.694824 0.44751 0.0932007 0.938477 0.661621 0.330811 0.236694 0.223022 0.0946045 0.0275726 0.928711 0.671387 0.241821 0.375 0.900879 0.943848 0.803223 0.86084 0.307129 0.983887
0.232056 0.967285 0.258545 0.86084 0.00320816 0.788086 0.114868 0.916992 0.484131 0.170898 0.102112 0.899414 0.726562 0.0176392 0.0447998 0.221558 0.538086 0.865234 0.786621 0.73291 0.356689 0.37207 0.369629 0.592773 0.466309 0.880859 0.562012 0.0325928 0.0910645 0.755371 0.919922 0.903809 0.220459 0.719238 0.778809 0.726074 0.130859 0.0946045 0.0759277 0.565918 0.749023 0.00432968 0.0654907 0.24353 0.204346 0.86377 0.960938 0.739746 0.960938 0.142334 0.0359192 0.567871 0.705078 0.643066 0.481201 0.312988 0.5625 0.567383 0.717285 0.0318909 0.65332 0.603027 0.0274353 0.452148
0.205444 0.154297 0.0702515 0.475586 0.341064 0.057251 0.369629 0.406982 0.995605 0.513184 0.0928955 0.744141 0.687012 0.155518 0.555176 0.224243 0.0684814 0.00341415 0.51416 0.220459 0.953613 0.591309 0.244629 0.725098 0.842773 0.847656 0.963867 0.149048 0.224976 0.81543 0.810547 0.770996 0.46167 0.394043 0.635254 0.70166 0.962891 0.947754 0.998047 0.580566 0.0154037 0.987305 0.541504 0.86377 0.710449 0.768066 0.711426 0.0906982 0.965332 0.242676 0.204468 0.429932 0.101868 0.213501 0.289795 0.810059 0.808594 0.231934 0.936035 0.802734 0.0310211 0.937988 0.70166 0.95752
0.659668 0.978516 0.324951 0.0362549 0.484375 0.318359 0.571289 0.0531921 0.0592651 0.348145 0.246948 0.21875 0.322266 0.186401 0.649414 0.0399475 0.224243 0.694336 0.231567 0.295898 0.437012 0.462158 0.220825 0.57666 0.842773 0.383545 0.396484 0.340576 0.237183 0.155518 0.204346 0.275879 0.560059 0.482666 0.237427 0.811035 0.0600281 0.856445 0.799805 0.987793 0.821777 0.672852 0.395508 0.300049 0.980957 0.707031 0.224609 0.620605 0.681641 0.586426 0.796387 0.98291 0.0350342 0.559082 0.30835 0.345703 0.942871 0.780762 0.0778809 0.907227 0.845703 0.162964 0.860352 0.91748
0.757324 0.842285 0.871094 0.780762 0.59375 0.412598 0.103943 0.418945 0.188599 0.0490112 0.723145 0.531738 0.995117 0.0458374 0.069458 0.918457 0.0987549 0.0389099 0.085022 0.137939 0.941895 0.748047 0.146484 0.231689 0.260254 0.0739746 0.480957 0.447998 0.906738 0.950195 0.781738 0.347168 0.545898 0.172974 0.777344 0.311768 0.880859 0.414307 0.233276 0.57959 0.541016 0.782715 0.321533 0.198242 0.609375 0.576172 0.316162 0.525391 0.774414 0.0929565 0.871094 0.168457 0.0335693 0.0566101 0.428955 0.413086 0.624512 0.90332 0.040802 0.0207825 0.377441 0.410889 0.401611 0.509277
0.90918 0.117493 0.212646 0.93457 0.648438 0.0636597 0.999023 0.864258 0.739258 0.421387 0.0943604 0.252686 0.0786743 0.393311 0.898438 0.82666 0.498779 0.10907 0.447754 0.170776 0.714844 0.602539 0.273438 0.106995 0.78418 0.577637 0.568359 0.54834 0.5 0.486084 0.375488 0.859863 0.201416 0.442627 0.012001 0.70752 0.580566 0.483398 0.67041 0.0241699 0.582031 0.894043 0.796875 0.901367 0.126343 0.59082 0.113037 0.552246 0.131592 0.500488 0.921387 0.549316 0.371826 0.589355 0.727539 0.360352 0.875977 0.962891 0.93457 0.63916 0.990723 0.0646973 0.295898 0.516113
0.446289 0.900391 0.89502 0.0310059 0.931641 0.27832 0.842285 0.516602 0.570312 0.120178 0.0317688 0.757812 0.279541 0.63916 0.772461 0.29541 0.121765 0.791504 0.862793 0.947266 0.0960693 0.336426 0.0314026 0.157593 0.868652 0.234131 0.911133 0.669434 0.890625 0.371338 0.91748 0.693848 0.517578 0.79834 0.526367 0.893066 0.172729 0.990234 0.190552 0.415283 0.753418 0.329102 0.779785 0.710938 0.074646 0.587891 0.369385 0.667969 0.528809 0.441162 0.0230255 0.759277 0.758301 0.570312 0.414551 0.501465 0.409424 0.90625 0.866211 0.761719 0.71875 0.334473 0.841309 0.758301
0.140747 0.192505 0.891113 0.658203 0.184326 0.0925293 0.200806 0.512695 0.958008 0.275391 0.449707 0.457275 0.623535 0.744629 0.478516 0.686035 0.0617981 0.251221 0.0762329 0.664062 0.373535 0.0952759 0.00576401 0.868164 0.259277 0.180664 0.697266 0.498047 0.39209 0.464355 0.11377 0.81543 0.329102 0.939941 0.323486 0.0769043 0.133789 0.97168 0.0187683 0.845215 0.98877 0.269287 0.0587158 0.294678 0.180176 0.702148 0.4646 0.25293 0.672852 0.283447 0.0189056 0.233765 0.717773 0.307129 0.185913 0.338867 0.71875 0.665527 0.586426 0.214355 0.282715 0.539062 0.043457 0.426758
0.565918 0.23999 0.570801 0.230713 0.415039 0.657715 0.365723 0.661133 0.630859 0.0191498 0.341064 0.743164 0.512695 0.543457 0.693848 0.399902 0.189209 0.61084 0.744141 0.0592041 0.899902 0.00357056 0.417236 0.246216 0.53125 0.279297 0.90332 0.486084 0.193115 0.181641 0.229858 0.739746 0.412354 0.370117 0.88623 0.821289 0.860352 0.188843 0.359375 0.146851 0.426758 0.481201 0.243408 0.807617 0.621094 0.0135651 0.365234 0.827637 0.599609 0.666504 0.0158234 0.782715 0.47998 0.727051 0.481445 0.765137 0.719727 0.611328 0.891113 0.82959 0.869141 0.428223 0.907227 0.637207
0.47583 0.407227 0.95752 2.5034e-06 0.0553894 0.107788 0.591309 0.0645142 0.348145 0.105347 0.292725 0.359863 0.670898 0.384277 0.0706177 0.4021 0.0384521 0.692383 0.120728 0.846191 0.971191 0.0823975 0.99707 0.2052 0.913574 0.297363 0.634766 0.669922 0.31958 0.469482 0.0246124 0.45752 0.313477 0.546875 0.179688 0.502441 0.237549 0.628418 0.251465 0.655762 0.708496 0.480957 0.141724 0.166016 0.414062 0.792969 0.941895 0.0852051 0.239746 0.3125 0.464844 0.355713 0.836914 0.809082 0.825684 0.0328369 0.426025 0.221924 0.20459 0.181519 0.320312 0.267578 0.860352 0.927246
0.159302 0.215454 0.837402 0.459229 0.587402 0.737305 0.339844 0.147705 0.689453 0.245117 0.981934 0.0421448 0.912598 0.452637 0.970703 0.260254 0.39624 0.362793 0.937988 0.423584 0.389893 0.114868 0.757324 0.806152 0.972168 0.730957 0.539062 0.417725 0.0244751 0.289795 0.791016 0.471436 0.878418 0.497559 0.107849 0.662109 0.169922 0.016098 0.679199 0.277588 0.680176 0.191406 0.869141 0.0788574 0.600586 0.850586 0.813477 0.301514 0.908691 0.376953 0.113892 0.838379 0.761719 0.316162 0.854492 0.776367 0.91748 0.958008 0.354736 0.918945 0.236694 0.0167084 0.562988 0.31543
0.584961 0.492432 0.974121 0.676758 0.869141 0.478027 0.0846558 0.266602 0.213257 0.476074 0.0626221 0.433594 0.29248 0.175171 0.851074 0.019104 0.803711 0.626953 0.247925 0.216187 0.871582 0.155273 0.466797 0.0194855 0.212769 0.208496 0.671387 0.774902 0.882324 0.394043 0.345215 0.837891 0.432373 0.364502 0.527832 0.952148 0.504395 0.669922 0.812988 0.0231323 0.49585 0.978027 0.0440369 0.24585 0.324463 0.427246 0.369629 0.86377 0.0165405 0.215454 0.820801 0.355469 0.227417 0.304932 0.375732 0.549805 0.190063 0.550293 0.56543 0.729004 0.76123 0.0378723 0.328125 0.960938
0.672363 0.926758 0.92334 0.8125 0.964844 0.0421753 0.541504 0.962402 0.743652 0.805664 0.65918 0.660645 0.0091629 0.0829468 0.806641 0.371338 0.899414 0.870605 0.233887 0.584473 0.672363 0.89209 0.301514 0.713867 0.443359 0.625 0.869629 0.146729 0.311279 0.345459 0.18811 0.766602 0.790527 0.238647 0.819824 0.783203 0.487549 0.875 0.166992 0.244019 0.435303 0.0732422 0.687988 0.849609 0.022049 0.200684 0.321045 0.336914 0.90332 0.947266 0.539551 0.359131 0.758301 0.911621 0.511719 0.104187 0.530762 0.222778 0.51123 0.0485229 0.349609 0.877441 0.971191 0.929688
0.130005 0.0457153 0.149902 0.6875 0.226562 0.352295 0.808594 0.691406 0.859375 0.474854 0.199951 0.345947 0.481445 0.361816 0.0461426 0.923828 0.51416 0.20752 0.268555 0.787109 0.750977 0.905762 0.634277 0.934082 0.227417 0.432861 0.351074 0.996582 0.51709 0.260742 0.21814 0.808594 0.0671387 0.76709 0.0169067 0.364258 0.775879 0.764648 0.753418 0.224731 0.909668 0.35376 0.532227 0.20874 0.990723 0.752441 0.76123 0.949219 0.382568 0.710449 0.339111 0.638672 0.440674 0.140381 0.379395 0.626953 0.290527 0.718262 0.708496 0.0133209 0.246094 0.810059 0.202759 0.924316
0.0126038 0.90332 0.84375 0.785645 0.105042 0.200684 0.349609 0.617676 0.715332 0.105896 0.69873 0.947266 0.953613 0.437988 0.862305 0.944336 0.2771 0.85498 0.839355 0.825684 0.0639038 0.338379 0.460938 0.484619 0.263916 0.511719 0.476074 0.562988 0.777832 0.0563965 0.545898 0.681152 0.943359 0.986816 0.670898 0.185303 0.608398 0.854492 0.348145 0.772461 0.44043 0.184082 0.228394 0.268311 0.202515 0.807129 0.834473 0.952637 0.763184 0.632324 0.406738 0.842773 0.86377 0.274902 0.540039 0.0882568 0.685059 0.967773 0.447021 0.42749 0.677246 0.0917358 0.833984 0.453125
0.807129 0.366211 0.427002 0.23584 0.969727 0.32959 0.908691 0.438477 0.26001 0.686035 0.719238 0.280029 0.201172 0.583496 0.0894165 0.783691 0.73291 0.468506 0.604004 0.344727 0.771484 0.125488 0.190063 0.54248 0.1521 0.970703 0.65918 0.859863 0.14563 0.75 0.681152 0.63916 0.711914 0.124573 0.117004 0.569824 0.704102 0.414062 0.514648 0.538086 0.240234 0.852539 0.345703 0.969727 0.753418 0.598633 0.599121 0.238403 0.23999 0.130127 0.195557 0.635742 0.814941 0.855957 0.412598 0.174316 0.467773 0.585449 0.389893 0.055603 0.315674 0.120544 0.720215 0.196289
0.158813 0.46582 0.662598 0.781738 0.902344 0.545898 0.745605 0.919434 0.172974 0.914551 0.823242 0.881348 0.631348 0.853516 0.305908 0.858887 0.211792 0.0876465 0.452637 0.220093 0.0313416 0.944824 0.691895 0.369873 0.373779 0.0364075 0.499023 0.205811 0.450195 0.085083 0.745605 0.490967 0.628418 0.501465 0.102539 0.460205 0.703613 0.0817261 0.873047 0.875488 0.709473 0.383789 0.583984 0.174561 0.966309 0.460449 0.0521851 0.32959 0.868164 0.78125 0.915039 0.88916 0.391846 0.27002 0.753906 0.0246887 0.478516 0.207031 0.798828 0.0237885 0.444336 0.0844727 0.168091 0.428711
0.92041 0.537598 0.610352 0.09552 0.353027 0.41748 0.578613 0.120972 0.179932 0.692871 0.319092 0.853516 0.802246 0.546875 0.443359 0.972656 0.419678 0.256836 0.0215454 0.398193 0.42334 0.583984 0.320557 0.178955 0.0185242 0.554688 0.236572 0.842773 0.52832 0.32959 0.563477 0.444336 0.194336 0.656738 0.505859 0.966309 0.292725 0.432129 0.705566 0.0777588 0.187134 0.111694 0.436768 0.123657 0.990723 0.898926 0.649902 0.67334 0.54834 0.582031 0.272949 0.135132 0.841797 0.2146 0.999023 0.83252 0.361816 0.572266 0.140015 0.936523 0.632812 0.637695 0.263672 0.0949707
0.589844 0.200195 0.866211 0.0364685 0.579102 0.46875 0.68457 0.143799 0.209839 0.405273 0.231201 0.581055 0.58252 0.184204 0.270996 0.579102 0.0353394 0.853516 0.0693359 0.919434 0.248047 0.180542 0.307617 0.891113 0.901367 0.335938 0.630859 0.440674 0.853027 0.100281 0.344727 0.372559 0.4646 0.176636 0.393799 0.321777 0.568359 0.0448608 0.703613 0.570312 0.867676 0.388916 0.835938 0.585449 0.806152 0.343262 0.732422 0.0118332 0.737305 0.350586 0.449707 0.272217 0.30542 0.849609 0.547852 0.814941 0.729004 0.736816 0.916016 0.188599 0.480957 0.325195 0.895508 0.354736
0.222778 0.897461 0.20105 0.0121307 0.494141 0.963867 0.1521 0.962891 0.957031 0.983887 0.392334 0.187744 0.846191 0.569824 0.10321 0.668945 0.17395 0.59082 0.962891 0.167358 0.0626831 0.865723 0.22937 0.703125 0.739746 0.956055 0.491455 0.855469 0.61084 0.817383 0.919922 0.740234 0.0470581 0.691895 0.547852 0.580078 0.392822 0.821777 0.556152 0.802246 0.721191 0.0239868 0.833008 0.910156 0.711914 0.350098 0.632324 0.038269 0.532227 0.279785 0.804688 0.342041 0.969727 0.294434 0.205811 0.181274 0.186768 0.811523 0.811035 0.0400696 0.492188 0.924316 0.149658 0.260986
0.394287 0.935547 0.377441 0.604004 0.852051 0.408936 0.228882 0.433594 0.839355 0.452393 0.681152 0.189331 0.0999146 0.898926 0.382812 0.468506 0.787598 0.0953979 0.814941 0.37793 0.821777 0.229126 0.519531 0.0404968 0.0191956 0.182251 0.867676 0.873047 0.946289 0.17041 0.861328 0.831055 0.166016 0.97998 0.96582 0.647949 0.0914307 0.841309 0.73877 0.822754 0.756836 0.83252 0.495361 0.321045 0.346191 0.854492 0.87207 0.160278 0.0375366 0.598145 0.360352 0.433838 0.0488586 0.234253 0.570312 0.323975 0.789062 0.647461 0.125977 0.199341 0.961914 0.426758 0.89209 0.697754
0.0115356 0.0254517 0.136353 0.916504 0.223755 0.468994 0.81543 0.470459 0.629883 0.945801 0.771484 0.0653076 0.224609 0.537598 0.875488 0.264648 0.623047 0.326416 0.51416 0.750977 0.881836 0.480225 0.897949 0.219482 0.316162 0.844238 0.440186 0.227539 0.907715 0.646973 0.566895 0.85791 0.456055 0.359619 0.023819 0.761719 0.42334 0.563965 0.276123 0.211792 0.610352 0.196899 0.769531 0.77002 0.181396 0.289307 0.328369 0.178101 0.427734 0.314209 0.202637 0.626465 0.89502 0.0776367 0.758789 0.52002 0.115417 0.921875 0.00582504 0.849609 0.56543 0.0164185 0.328125 0.5
0.763672 0.000210524 0.19873 0.250977 0.774902 0.421387 0.809082 0.19458 0.172363 0.741699 0.429688 0.449219 0.243164 0.358154 0.467529 0.225342 0.436523 0.611328 0.407227 0.0391235 0.39917 0.339111 0.167114 0.246094 0.584961 0.870605 0.750977 0.66748 0.567383 0.280029 0.623535 0.720703 0.65332 0.625 0.900391 0.114441 0.831543 0.675781 0.439453 0.822754 0.793457 0.850098 0.342041 0.567871 0.864258 0.407227 0.766113 0.704102 0.0668335 0.221436 0.0063858 0.228638 0.079834 0.112793 0.747559 0.750488 0.470947 0.292969 0.753418 0.373047 0.24292 0.198242 0.961426 0.381592
0.991211 0.831543 0.0793457 0.0354004 0.86084 0.354736 0.621582 0.470215 0.820801 0.0280914 0.183716 0.260742 0.752441 0.422852 0.890137 0.2854 0.0874634 0.979492 0.256348 0.157227 0.244385 0.472412 0.97998 0.665527 0.143433 0.837891 0.206055 0.347168 0.196167 0.558105 0.751465 0.238892 0.131104 0.353271 0.6875 0.990234 0.888672 0.383789 0.608887 0.11499 0.271973 0.443115 0.568848 0.32251 0.201538 0.462891 0.392822 0.193359 0.743164 0.498535 0.717773 0.0993042 0.234741 0.0759277 0.0648804 0.125366 0.0341187 0.563477 0.52832 0.919434 0.486328 0.25708 0.986816 0.530762
0.671387 0.459473 0.00827026 0.688477 0.039856 0.250732 0.187866 0.430908 0.687988 0.468262 0.95459 0.182007 0.0717163 0.566895 0.745605 0.300537 0.517578 0.933594 0.924316 0.305176 0.552246 0.400146 0.209229 0.479004 0.995117 0.266846 0.162231 0.795898 0.730469 0.529785 0.731934 0.1875 0.743164 0.907227 0.414551 0.749512 0.11377 0.199585 0.0933838 0.0602417 0.186157 0.260498 0.922363 0.407227 0.167847 0.553223 0.95752 0.870605 0.443115 0.311768 0.433838 0.532227 0.793457 0.0895386 0.412842 0.575684 0.877441 0.929688 0.31665 0.702637 0.433838 0.830078 0.288086 0.743652
0.498291 0.935059 0.922852 0.510254 0.95459 0.742676 0.724121 0.322266 0.816406 0.140625 0.73584 0.354736 0.172119 0.568359 0.321045 0.932129 0.0456543 0.647949 0.799805 0.02388 0.598145 0.261719 0.763672 0.123535 0.0280609 0.70752 0.443604 0.832031 0.546875 0.592773 0.0210724 0.993164 0.050354 0.261719 0.660645 0.998535 0.133667 0.836914 0.547363 0.945801 0.889648 0.0146637 0.803711 0.499756 0.652344 0.298584 0.545898 0.216187 0.884766 0.269775 0.366943 0.979004 0.822266 0.922852 0.309814 0.818359 0.84082 0.41626 0.45752 0.195801 0.0411987 0.466797 0.229614 0.791992
0.608887 0.601562 0.89209 0.171509 0.78125 0.241211 0.633301 0.638184 0.981934 0.643066 0.632324 0.204956 0.676758 0.265625 0.350342 0.307129 0.134644 0.964844 0.723145 0.036377 0.620605 0.72168 0.931152 0.263916 0.914062 0.912598 0.781738 0.768066 0.336182 0.943359 0.844727 0.29541 0.364258 0.760742 0.547852 0.835938 0.11615 0.244629 0.206909 0.833496 0.255615 0.219482 0.452881 0.611328 0.318359 0.0329895 0.526367 0.324951 0.0341187 0.478271 0.551758 0.309082 0.783691 0.443359 0.350342 0.375244 0.822266 0.221069 0.191772 0.783691 0.122314 0.527832 0.0980225 0.411621
0.832031 0.726074 0.0207977 0.898926 0.86377 0.257568 0.896484 0.428711 0.641113 0.268799 0.644043 0.531738 0.421875 0.489258 0.150757 0.346191 0.0163269 0.948242 0.112976 0.862305 0.449463 0.658691 0.334473 0.598145 0.922852 0.43335 0.353027 0.0228882 0.849609 0.693848 0.291748 0.790527 0.703125 0.407715 0.349609 0.863281 0.307129 0.224854 0.102966 0.024353 0.338135 0.952637 0.274414 0.635742 0.833984 0.646484 0.845703 0.283203 0.106873 0.158936 0.86377 0.632324 0.991699 0.0208282 0.498047 0.0857544 0.641602 0.762207 0.489746 0.0474854 0.995117 0.456787 0.289795 0.0728149
0.874023 0.11084 0.705078 0.911133 0.94043 0.619141 0.13147 0.179321 0.0392456 0.945801 0.872559 0.271484 0.318604 0.952637 0.205078 0.74707 0.101257 0.02565 0.0997925 0.953613 0.00598907 0.490234 0.973145 0.646484 0.418701 0.237061 0.946777 0.890137 0.99707 0.202759 0.648438 0.268066 0.0341492 0.138672 0.50293 0.43042 0.318359 0.727539 0.42627 0.468506 0.166016 0.811035 0.287354 0.26123 0.961914 0.612793 0.0985718 0.585938 0.0789185 0.476807 0.543945 0.363281 0.525879 0.791016 0.448486 0.542969 0.741699 0.26123 0.144165 0.111206 0.44043 0.016037 0.0484009 0.138184
0.833008 0.140503 0.438477 0.00753021 0.225098 0.336182 0.0376587 0.89502 0.278076 0.506348 0.233276 0.50293 0.892578 0.534668 0.00978088 0.604004 0.407227 0.77832 0.00272751 0.226562 0.338623 0.813477 0.859863 0.249023 0.744141 0.46875 0.658691 0.296387 0.28125 0.394775 0.273438 0.67334 0.953125 0.544434 0.126343 0.50293 0.389893 0.192383 0.115723 0.576172 0.62793 0.198975 0.591309 0.679688 0.828613 0.259521 0.719727 0.648438 0.849609 0.198608 0.193604 0.299561 0.919434 0.430908 0.454102 0.00259399 0.824707 0.862305 0.491699 0.692871 0.813477 0.0415039 0.0858154 0.647949
0.241333 0.0582886 0.141113 0.806641 0.555664 0.492676 0.729004 0.579102 0.40625 0.831055 0.0109863 0.217407 0.174561 0.0305328 0.107971 0.446533 0.340576 0.907715 0.944824 0.20874 0.305664 0.612793 0.645508 0.947266 0.692383 0.810547 0.893066 0.470459 0.297607 0.230103 0.00213432 0.586914 0.240479 0.0821533 0.54834 0.882324 0.729492 0.770996 0.399414 0.180054 0.631836 0.0215912 0.82959 0.520996 0.422852 0.772461 0.85791 0.376709 0.158569 0.816895 0.634277 0.961426 0.0577393 0.57666 0.657227 0.53125 0.72168 0.982422 0.0925903 0.601074 0.280518 0.550293 0.936035 0.515625
0.768555 0.733398 0.699707 0.523438 0.208618 0.392334 0.0888672 0.134888 0.248413 0.15271 0.354004 0.291992 0.426514 0.198975 0.275146 0.225464 0.827637 0.8125 0.311035 0.342285 0.842773 0.978027 0.386719 0.0595093 0.481934 0.301514 0.107727 0.805176 0.0666504 0.335449 0.321533 0.355713 0.375977 0.717773 0.821777 0.0461121 0.086853 0.310791 0.0238342 0.388672 0.203003 0.25415 0.779785 0.393799 0.65625 0.0601807 0.191772 0.524414 0.740723 0.807617 0.780762 0.586426 0.620117 0.818359 0.377441 0.214355 0.983398 0.63623 0.0449219 0.0551758 0.243286 0.876953 0.355469 0.122192
0.0651245 0.107849 0.696777 0.868164 0.228394 0.124268 0.152466 0.811523 0.762207 0.677246 0.335449 0.402344 0.619141 0.552246 0.0545654 0.825684 0.945312 0.643555 0.789062 0.959473 0.695312 0.185669 0.229614 0.841797 0.210449 0.349609 0.220581 0.328857 0.372314 0.150269 0.192993 0.577148 0.173706 0.263672 0.904785 0.229004 0.520508 0.287109 0.19165 0.141846 0.377197 0.203369 0.656738 0.922852 0.0330505 0.123474 0.681152 0.387939 0.810547 0.34082 0.229492 0.867676 0.624512 0.0739136 0.935547 0.31543 0.387451 0.429688 0.20874 0.724609 0.466797 0.644531 0.113281 0.100098
0.446777 0.212646 0.211426 0.281982 0.896484 0.549805 0.0986328 0.98584 0.401855 0.344238 0.103882 0.961426 0.861328 0.186035 0.663574 0.670898 0.40918 0.911133 0.459229 0.429199 0.259521 0.204346 0.890137 0.672363 0.535156 0.658203 0.857422 0.619629 0.522461 0.0452881 0.812988 0.358154 0.702148 0.476074 0.183472 0.583984 0.692383 0.71875 0.397461 0.760742 0.646973 0.00893402 0.37085 0.385254 0.133423 0.540527 0.569336 0.467285 0.12384 0.0594177 0.838379 0.391113 0.159668 0.790039 0.946777 0.34082 0.530273 0.214233 0.0286102 0.403809 0.311523 0.488281 0.637695 0.4729
0.428467 0.712402 0.024826 0.55957 0.692871 0.710449 0.660156 0.18811 0.307617 0.500977 0.601074 0.510742 0.748535 0.385498 0.924805 0.265381 0.0519409 0.506836 0.54248 0.638184 0.279785 0.44043 0.607422 0.63623 0.324707 0.685059 0.504395 0.145874 0.303711 0.490967 0.525879 0.631348 0.936035 0.200317 0.0591431 0.857422 0.146851 0.167114 0.823242 0.376709 0.0248413 0.927246 0.175049 0.693848 0.637207 0.767578 0.41626 0.145264 0.422119 0.394043 0.577637 0.569336 0.655273 0.377441 0.685547 0.560059 0.92627 0.417236 0.122742 0.962402 0.0891724 0.0396729 0.215698 0.039856
0.822266 0.949707 0.567871 0.648926 0.822266 0.536621 0.256348 0.230835 0.950684 0.726074 0.0587158 0.93457 0.614258 0.598145 0.124023 0.744141 0.0438538 0.682617 0.874023 0.0973511 0.637695 0.933594 0.376221 0.0733643 0.470703 0.423584 0.70166 0.776855 0.278809 0.100403 0.975098 0.924316 0.719727 0.436768 0.682617 0.540527 0.401855 0.701172 0.424805 0.72168 0.918457 0.98584 0.978516 0.121277 0.64209 0.699219 0.99707 0.913574 0.584961 0.433838 0.100647 0.0360413 0.657715 0.130493 0.364502 0.728516 0.01194 0.333252 0.249512 0.745605 0.844238 0.0554199 0.515137 0.609375
0.355957 0.330078 0.424072 0.216431 0.544922 0.61377 0.0975952 0.850098 0.141235 0.765625 0.198242 0.214233 0.94043 0.57959 0.561523 0.497803 0.907715 0.0202179 0.907227 0.600098 0.974609 0.807129 0.163696 0.779785 0.319092 0.235474 0.425537 0.167603 0.0227203 0.53125 0.188232 0.218018 0.90332 0.918945 0.195435 0.291504 0.273193 0.202026 0.0679321 0.784668 0.229492 0.90332 0.16748 0.286377 0.259766 0.131348 0.682129 0.0196991 0.255371 0.560059 0.760254 0.94043 0.53125 0.379395 0.674316 0.701172 0.406006 0.177002 0.963379 0.0428467 0.302246 0.553223 0.933594 0.98877
0.875 0.612793 0.919922 0.590332 0.624512 0.989258 0.502441 0.70459 0.87793 0.621094 0.632812 0.268555 0.028183 0.0246735 0.696777 0.561035 0.173706 0.298584 0.405273 0.585449 0.375977 0.776855 0.63916 0.793945 0.193115 0.918945 0.415527 0.81543 0.194702 0.862305 0.443359 0.325439 0.453613 0.999023 0.585449 0.75 0.31958 0.157349 0.0139618 0.791992 0.77832 0.256104 0.95459 0.404785 0.711914 0.355225 0.785645 0.813477 0.950684 0.835449 0.600586 0.328613 0.413574 0.947754 0.100098 0.0616455 0.335938 0.32373 0.98877 0.724121 0.807617 0.374268 0.0570374 0.79834
0.963379 0.142456 0.458984 0.307373 0.00637436 0.629395 0.457275 0.743652 0.908203 0.00148296 0.508301 0.391602 0.237793 0.342773 0.602539 0.430176 0.105652 0.933594 0.950195 0.76123 0.0110855 0.0288849 0.381836 0.941406 0.72998 0.604492 0.398926 0.275146 0.670898 0.564941 0.0888062 0.739746 0.0487061 0.376709 0.0059433 0.617676 0.535645 0.672852 0.443604 0.566895 0.906738 0.255371 0.0372009 0.415771 0.822266 0.401611 0.46167 0.166382 0.257812 0.717285 0.119568 0.269775 0.375977 0.437744 0.550293 0.0673218 0.730957 0.998535 0.835938 0.959961 0.126831 0.594238 0.558594 0.0359497
0.921875 0.570312 0.994629 0.447021 0.959961 0.27124 0.463379 0.51123 0.771973 0.784668 0.539062 0.95752 0.452881 0.122986 0.255371 0.897461 0.0971069 0.630859 0.651367 0.65918 0.874023 0.810547 0.581055 0.0257111 0.850586 0.514648 0.328857 0.653809 0.21582 0.713379 0.418213 0.958008 0.315918 0.288818 0.0818481 0.112732 0.133789 0.390869 0.427246 0.931641 0.65625 0.384277 0.410889 0.093689 0.880859 0.144897 0.0473328 0.847168 0.85498 0.22644 0.775879 0.723145 0.0114441 0.106262 0.15564 0.466553 0.125488 0.788086 0.854492 0.872559 0.171631 0.981445 0.84082 0.625977
0.350586 0.0198059 0.877441 0.590332 0.680176 0.0968628 0.093689 0.769043 0.226318 0.726562 0.925293 0.628418 0.69873 0.40918 0.767578 0.962891 0.212158 0.991211 0.525879 0.431641 0.347412 0.859375 0.63623 0.999023 0.106689 0.216553 0.0500793 0.485596 0.51416 0.331787 0.468018 0.783203 0.76709 0.545898 0.765137 0.252686 0.557129 0.785645 0.265381 0.44751 0.486572 0.737305 0.0964355 0.570801 0.126221 0.148315 0.727539 0.898438 0.19043 0.147827 0.0653687 0.68457 0.250488 0.756836 0.925781 0.0944824 0.761719 0.54541 0.193481 0.905273 0.128174 0.641602 0.91748 0.725098
0.122498 0.35791 0.296143 0.766602 0.59375 0.366699 0.796875 0.891113 0.597656 0.246704 0.490479 0.433838 0.150269 0.79541 0.573242 0.69043 0.501953 0.296387 0.888672 0.184814 0.400879 0.143799 0.13916 0.747559 0.70166 0.335205 0.937988 0.692871 0.695312 0.854492 0.879883 0.21106 0.927246 0.874512 0.113831 0.279785 0.705566 0.688965 0.122681 0.844238 0.586914 0.446777 0.90625 0.494629 0.422852 0.252197 0.275146 0.467773 0.16626 0.0941772 0.233521 0.108398 0.137451 0.753906 0.405029 0.84375 0.648438 0.956543 0.190796 0.878418 0.363525 0.61084 0.121216 0.351562
0.506836 0.0624695 0.969238 0.12384 0.82959 0.749023 0.547852 0.777832 0.985352 0.260742 0.602051 0.391113 0.745117 0.298096 0.10675 0.916504 0.900879 0.258057 0.898926 0.875488 0.746094 0.96582 0.0476074 0.0451965 0.0634155 0.723145 0.000530243 0.428711 0.0982666 0.107117 0.763184 0.795898 0.748535 0.65332 0.609863 0.0647583 0.638184 0.0609131 0.240234 0.95459 0.151978 0.362061 0.455078 0.3396 0.2052 0.572266 0.416992 0.710938 0.871582 0.441895 0.59668 0.0786743 0.23877 0.411133 0.53125 0.0164032 0.31543 0.338623 0.419922 0.602051 0.933105 0.019104 0.168823 0.586914
0.0229797 0.946289 0.80127 0.40332 0.64502 0.139038 0.634766 0.731445 0.969727 0.532227 0.584961 0.288818 0.708008 0.491943 0.574219 0.334229 0.111633 0.861816 0.759766 0.0162354 0.0196075 0.751465 0.937988 0.712891 0.550293 0.841309 0.919434 0.632324 0.825684 0.677246 0.65625 0.549316 0.557617 0.784668 0.584961 0.0361023 0.0446472 0.660156 0.432373 0.691406 0.921875 0.810547 0.78418 0.42041 0.148315 0.348877 0.0485229 0.235596 0.0936279 0.0950317 0.604492 0.0435791 0.00906372 0.668457 0.437744 0.19873 0.29248 0.768555 0.70459 0.954102 0.477783 0.519531 0.888672 0.655273
0.252441 0.403564 0.446045 0.454102 0.820312 0.71875 0.605469 0.58252 0.456787 0.72168 0.69043 0.779785 0.631836 0.157471 0.619141 0.614746 0.0161591 0.503906 0.15686 0.972168 0.151733 0.049469 0.773438 0.681152 0.929199 0.768066 0.289062 0.689453 0.21228 0.115356 0.0980225 0.0199127 0.994629 0.641602 0.130737 0.644043 0.481201 0.453613 0.876465 0.0690918 0.496582 0.800781 0.438477 0.703613 0.413574 0.00452042 0.0363464 0.417236 0.548828 0.804688 0.572754 0.74707 0.578125 0.894531 0.784668 0.470459 0.938965 0.674316 0.899414 0.89209 0.609863 0.421143 0.323975 0.275879
0.519531 0.96582 0.8125 0.909668 0.93457 0.949707 0.897949 0.395264 0.700195 0.366699 0.300537 0.338379 0.69873 0.73584 0.969238 0.86084 0.178101 0.113098 0.738281 0.700684 0.810059 0.304199 0.508301 0.529785 0.327393 0.234985 0.476562 0.991699 0.875977 0.163452 0.309082 0.477051 0.691895 0.640137 0.280762 0.25 0.246582 0.915527 0.588379 0.727051 0.592285 0.545898 0.683594 0.60791 0.407715 0.379395 0.251709 0.663574 0.634766 0.0744019 0.00343704 0.921387 0.102539 0.686035 0.0713501 0.104675 0.000808716 0.306396 0.867188 0.0292511 0.609863 0.11084 0.00266457 0.0401917
0.830078 0.312744 0.228149 0.63916 0.614746 0.468506 0.543457 0.170044 0.229736 0.218018 0.303955 0.568848 0.90918 0.0756226 0.663574 0.118225 0.844727 0.330322 0.363525 0.36084 0.791016 0.876953 0.128052 0.255371 0.702148 0.812012 0.578613 0.492432 0.971191 0.427002 0.337402 0.188599 0.269531 0.90918 0.702148 0.605957 0.748535 0.0744629 0.947266 0.229492 0.162354 0.663086 0.129883 0.390137 0.901855 0.947754 0.647949 0.473877 0.33374 0.22522 0.800293 0.679199 0.824219 0.524902 0.850098 0.373047 0.760254 0.35376 0.0944214 0.00950623 0.793457 0.640137 0.608887 0.851562
