128
64
15.5457 16.1749 17.6183 14.775 16.5821 14.9334 15.6268 14.0095 16.2721 15.1746 14.1785 13.9337 17.2135 13.4108 15.5904 16.39 10.4998 15.8992 15.4465 16.33 15.3647 14.9411 15.1059 15.3596 15.6832 15.7674 16.2692 16.9248 16.1691 14.0989 15.9134 16.7493 16.4207 17.5902 13.3053 16.1856 13.5352 16.2598 14.97 16.767 16.2724 15.0839 14.0495 12.9255 17.8393 15.4006 14.8033 13.5819 15.7507 14.1301 14.0698 16.2976 14.4944 14.1042 15.3076 13.2046 16.1826 17.5778 15.1258 15.5988 14.9205 13.3277 14.8222 14.3531
17.6107 16.7327 18.6099 15.8198 19.0239 14.9888 17.1515 16.714 18.5744 16.2558 15.1222 15.4858 16.3285 14.5529 15.1862 18.9067 13.1401 17.7028 16.9389 16.7682 16.9505 16.4283 16.3262 15.5803 15.7621 17.2524 17.0584 18.561 15.808 15.3674 16.8168 19.0309 16.3909 18.0091 15.1023 17.8013 15.6813 16.2805 15.6194 17.9595 16.9799 16.2801 16.4963 15.4251 18.6877 16.0081 15.6784 16.3709 17.6457 15.7552 16.2582 16.103 15.2975 15.3588 15.4373 13.289 16.9903 17.9799 16.7581 17.0145 16.9238 13.8767 16.2842 16.0194
15.5228 14.2915 18.6084 15.1017 16.3734 14.5245 16.2747 15.3278 17.6774 15.9068 14.2236 13.812 14.6118 13.431 14.7708 18.5754 12.2299 16.5862 15.6768 17.397 14.8629 14.458 16.153 16.2642 14.5397 15.5891 17.0005 17.4196 15.7595 13.4134 13.9157 17.7254 16.8922 16.6965 12.9727 15.4324 13.8737 15.8227 13.8144 16.8454 17.1758 15.41 15.1331 13.5543 17.2436 15.3004 15.1787 14.871 15.8253 13.2455 13.9036 14.8848 14.0468 16.8541 15.8677 13.3825 16.5863 16.6566 16.2563 15.7713 15.0413 13.4179 15.1483 15.4543
16.3694 14.7338 17.9832 14.1919 18.1593 13.8189 13.9941 15.3036 15.5261 16.8229 13.6563 15.5852 17.7148 13.8461 14.3201 17.1059 11.0414 16.3167 15.2137 15.3076 16.4112 15.0811 15.7558 15.3038 15.9141 15.2114 17.9934 16.8715 14.777 14.4652 14.1241 18.5007 16.2892 15.7172 14.3711 16.5215 14.6413 16.792 14.9055 16.5339 16.8312 16.4836 14.6456 15.202 17.3082 13.5335 14.9887 13.8151 15.7659 14.6017 14.6662 15.8784 15.488 15.7875 15.1259 14.275 16.7868 16.2029 15.7492 15.7779 14.5396 13.5173 16.2132 15.0256
16.1714 15.3809 17.9401 14.8449 17.5878 14.6232 16.23 16.1436 16.7157 15.0863 14.6373 15.252 16.7949 13.3359 15.9339 17.6489 11.7358 19.1289 15.6719 17.0349 14.1962 14.9594 16.7474 17.6394 15.6477 17.0065 18.4369 16.7698 16.4231 14.103 14.9529 18.2687 17.1548 16.5664 14.2051 17.6174 16.5347 17.1339 15.2042 16.8153 17.3298 15.3658 13.8859 14.9046 18.2073 16.2197 16.7019 15.0765 16.4779 15.5644 14.5876 16.2302 15.8903 16.2223 16.5793 13.6283 17.442 18.7439 15.1658 16.5007 16.0454 14.1395 18.5987 15.9914
16.5403 16.5486 20.7616 16.178 19.1445 15.8187 16.6325 17.9877 18.0035 17.3864 15.579 16.5906 17.7386 13.8861 17.0665 18.3167 12.9497 19.3991 16.874 18.0996 16.6153 16.5863 18.3448 17.9176 17.8212 17.8567 20.0642 19.1365 17.4405 15.9473 15.1022 19.2423 18.0619 19.0334 15.7051 19.0738 15.6795 18.5827 15.5649 19.0526 19.4856 15.4937 16.546 16.1939 18.3727 15.6794 16.6459 16.0374 18.0705 16.8074 16.0413 17.8361 16.8387 18.5887 16.8624 13.3086 19.1796 18.3799 17.8158 17.055 17.061 15.4252 18.0399 17.267
15.2228 15.7093 16.0079 13.4722 16.0974 13.4901 13.5787 14.3972 15.1837 15.3775 13.6386 14.5343 15.3812 11.7214 13.0005 16.1023 10.8235 16.705 13.5632 15.3827 14.1891 13.6376 14.0891 14.624 15.0477 15.2096 16.3828 15.9209 14.6189 13.3069 15.0621 15.5563 16.1001 16.8254 14.4062 14.627 13.414 14.9928 13.584 17.4499 15.7039 15.1148 12.5864 12.3425 17.7799 14.7631 15.7796 14.038 15.5516 13.5872 14.7951 14.2042 14.5589 14.9103 13.7292 13.3677 16.0032 17.1312 13.5569 14.6107 15.0499 13.7167 15.6195 15.0511
13.8512 14.0178 16.3732 14.5464 15.621 12.2204 14.2958 14.3027 15.3688 14.8307 13.7977 13.4207 14.1292 12.3892 14.1225 15.6726 12.1783 16.6415 14.4853 15.1811 14.0117 13.202 14.7332 15.7644 14.453 14.2934 16.436 15.7154 14.9859 12.9428 13.9294 16.1943 15.7459 16.0596 13.0855 14.7332 13.2717 14.7082 12.7002 15.6331 15.4477 14.5594 13.7988 13.8048 15.7862 13.5187 14.6727 13.2212 14.9431 12.5251 14.0503 14.9927 13.5696 14.9571 14.5793 11.7722 15.7044 16.3644 14.5434 14.3036 14.6824 12.6941 14.446 14.1092
17.452 15.8999 17.8616 16.2785 19.3356 15.3129 17.0224 17.2559 18.3615 18.2181 14.7652 16.4219 16.6629 14.6929 16.4451 18.0949 12.9795 18.2108 16.9435 17.6641 16.84 15.8757 16.338 17.3925 18.6398 17.8773 19.1395 18.0361 17.2081 14.482 16.8521 19.0708 17.582 18.7866 16.0585 18.7986 15.9971 17.8749 16.0211 17.1171 17.6785 17.0849 16.686 17.035 18.5496 16.2698 16.7572 16.0834 16.7438 16.1172 15.8711 16.93 15.9651 17.612 16.6633 14.7551 19.1069 19.2432 17.2809 16.7108 17.552 14.7875 17.3017 16.3695
17.2738 16.8713 18.538 15.4309 17.5911 14.696 15.9331 14.6036 17.2957 16.0525 13.5321 15.0271 16.0105 13.8128 16.5079 16.9746 12.0801 18.1157 15.489 17.609 15.7932 16.1795 15.9453 16.8257 16.7079 16.8009 19.1734 16.7114 17.2396 15.6934 14.7905 17.8219 17.1552 17.262 15.3265 18.476 15.1409 18.5031 15.4284 16.7721 17.7578 18.0208 15.1423 14.7637 18.0162 17.4722 16.7618 14.918 15.4558 14.3313 15.3146 15.8598 15.5257 15.2869 15.611 14.0092 17.6484 17.736 17.3237 16.1064 16.1583 14.6072 17.4652 18.3685
14.4146 14.3539 17.3747 14.8278 15.4182 10.9491 14.0338 14.8761 16.3784 14.1694 13.9015 14.2887 15.1312 11.7364 14.3573 15.7546 11.789 16.1149 13.8273 15.4251 14.092 14.578 13.3664 15.5291 14.8604 13.949 16.1483 14.0396 15.2891 13.037 14.0096 16.6073 16.0313 16.3897 13.8409 15.4409 13.4397 14.1315 12.0236 14.5865 15.5655 14.5708 13.8808 14.2378 15.4488 14.8807 15.294 13.6569 15.5972 12.2846 13.4578 14.3323 14.8249 13.886 15.3049 10.484 17.0757 16.1214 14.6326 14.7016 15.6415 12.8267 15.1744 14.8739
15.5378 15.233 17.2249 14.9498 18.3259 14.1071 14.3081 15.9229 17.0446 14.5284 13.5035 14.0668 16.6956 12.9701 15.3948 16.1722 11.1078 16.9507 15.826 15.52 15.5416 15.3637 15.0006 15.6847 14.1502 15.4031 17.3954 16.696 14.8052 13.4603 14.9046 17.702 16.3491 16.5044 14.3216 17.1066 14.5177 17.4783 13.7272 16.8942 16.422 15.7458 13.9991 13.6855 15.8438 15.7846 16.3341 15.0507 14.8707 13.7216 13.3709 15.2158 14.599 13.9439 14.5211 11.8539 16.5241 17.1198 14.7172 15.7549 15.318 12.3667 15.7765 16.4075
19.4051 17.9649 21.1192 17.0093 21.073 15.1311 17.9259 18.4346 20.4543 18.0956 15.871 17.5958 18.7893 15.8562 17.1991 19.4476 14.0107 18.8521 17.3901 18.4131 19.3707 17.6913 16.9811 17.2841 18.6898 17.8532 20.6905 20.413 17.9816 15.967 18.8309 20.1511 18.6821 20.2667 17.5854 18.9562 17.6247 19.4066 16.6007 19.6542 18.3859 18.492 17.0455 16.9956 19.4692 17.2465 17.8568 17.6007 18.8528 16.7506 17.0715 17.1822 16.1233 18.2322 17.1462 15.312 18.2945 19.3869 17.7895 18.4214 18.4579 16.5506 17.7677 19.0356
16.7533 14.684 17.9573 14.3487 17.8379 13.8752 14.9521 15.7744 16.6136 16.6222 13.4129 14.3897 16.5888 14.1535 15.1975 16.2566 12.8099 17.2261 15.0709 17.1596 16.249 14.9885 15.2104 16.0214 16.8927 15.9098 17.3989 17.4913 14.449 14.4649 14.2108 18.0416 16.6697 17.1992 14.0703 17.3883 15.0181 16.8026 14.2451 15.8987 17.4169 16.5927 15.1948 15.1545 17.3679 14.9046 16.6628 14.9878 15.2215 15.8285 14.557 15.4641 16.916 14.7518 15.7283 13.2988 16.6296 17.3764 16.1156 15.9427 16.0828 14.0217 16.0591 15.4633
15.201 14.9633 18.6326 14.586 16.2143 14.0566 13.8917 14.2901 16.9362 15.4453 13.3388 15.3755 15.7916 13.6997 14.7419 16.4623 11.7029 16.0419 14.7537 17.6408 15.329 14.4625 15.9706 15.8922 15.2896 15.056 17.8456 16.0677 14.5528 13.2986 13.3292 17.3873 15.8764 16.9777 15.8282 16.5775 13.4037 16.5929 13.4757 15.4586 16.4788 14.4718 14.9582 13.7464 16.4306 15.311 16.1831 14.0522 17.2304 16.0127 13.2832 15.2906 15.973 16.9088 14.0379 13.9903 16.9901 16.8654 15.2846 15.3 15.2901 14.2703 14.8874 15.9274
14.4262 14.6017 16.2923 13.326 16.1974 11.8462 14.5072 15.7152 17.5384 14.9631 13.308 14.4306 15.9204 13.4683 13.6341 16.7379 11.6183 15.7582 15.4705 14.7623 14.5518 14.6312 12.7012 14.5655 14.8619 14.8695 17.4722 15.1568 13.7064 13.454 14.6582 17.1771 16.4669 15.5217 14.1793 14.3557 15.2972 15.188 12.1584 17.0572 15.8709 14.824 14.2353 14.6056 16.1324 14.4491 14.5974 13.8339 16.7573 13.2455 13.6338 14.2092 14.4711 13.5285 13.6539 12.7926 15.8223 16.4352 15.1777 14.5682 13.8783 13.4569 14.6815 15.0692
15.9159 16.4737 17.5553 15.2288 19.5908 14.3784 17.4433 15.6849 18.7534 17.3414 14.9087 14.9352 16.4576 15.0755 17.7992 16.9986 12.4449 17.8644 16.6248 16.5651 16.613 14.4635 16.1051 15.2199 17.8706 17.3363 19.0663 17.303 16.3851 14.8224 16.6599 18.2501 18.9142 17.7766 14.441 17.8979 15.1959 17.1412 15.8947 17.6053 16.9009 17.4227 15.4314 16.6544 17.8918 15.374 16.2887 15.0301 15.9878 14.5019 15.1159 16.7897 16.0238 15.8555 15.7284 13.9665 17.5655 18.1513 15.7313 17.3281 16.637 13.1054 17.2977 15.6271
19.0002 18.9016 20.8165 18.8678 21.4244 16.4754 17.4096 18.8633 19.2665 19.439 17.3537 16.6026 18.56 15.951 18.5363 19.167 13.9929 19.8015 17.9202 17.9996 19.8463 17.6224 18.878 18.1247 18.5044 19.0865 21.4088 20.7472 18.9559 17.8929 18.0758 21.1175 18.7168 20.5347 18.0712 21.3744 17.0971 20.918 17.4206 20.1956 19.96 19.2188 17.4559 17.2694 19.3421 18.1888 18.3387 16.8743 18.737 17.7482 17.8818 19.5304 17.983 18.6205 17.8535 15.5139 20.2398 20.6677 18.1079 18.8359 19.1928 16.7603 19.1162 19.9377
14.5999 15.7976 16.66 15.504 16.4284 14.2697 15.1009 14.7507 17.9253 14.3147 13.2163 13.746 15.5928 13.4355 16.1091 16.4751 12.1213 15.7812 16.2937 17.2436 15.8929 15.2013 14.1321 15.5294 13.9427 16.1563 16.2855 15.299 15.4321 14.6024 14.2023 17.1889 15.7708 17.2611 14.802 16.0948 13.9389 16.4365 13.3224 16.4996 15.85 15.9385 14.5459 14.9968 15.5802 15.6493 15.3006 13.205 15.7065 13.5727 14.5455 15.4962 14.5621 14.6994 14.1763 12.22 16.4699 17.3148 15.1727 15.6437 15.6623 13.0528 14.2834 16.2207
18.0805 16.5834 19.1757 16.9012 19.6377 15.2949 16.7546 17.9907 19.2631 18.4014 15.8123 16.9276 17.9878 14.4064 17.2029 18.4574 14.5662 19.9546 17.9396 18.6501 17.6555 17.0881 17.0141 17.6866 19.3713 19.0604 20.4596 18.3466 17.9444 16.6748 18.1908 20.4953 19.5309 18.7675 16.8985 19.0192 17.5143 18.0956 15.946 17.8518 17.8139 17.9599 17.2485 17.9398 18.8467 17.1248 18.1773 16.9986 18.1453 15.7432 17.5555 16.9957 17.1261 17.6409 17.6287 16.0992 19.6704 20.8387 16.868 18.7126 17.5954 16.2736 18.0113 18.562
16.2433 15.8283 18.5522 14.8414 18.4957 14.9951 15.2188 17.3076 16.8855 16.0421 13.2357 15.3821 16.2101 13.0855 16.0493 16.54 11.6636 18.2765 15.8518 17.7109 14.9981 14.8167 15.3887 16.4407 16.4121 16.5058 18.7281 15.315 15.6144 14.9215 13.8167 18.1473 16.2581 16.1415 14.4549 19.2554 13.9364 16.5135 13.1515 17.3974 17.7036 14.4 14.8139 16.1619 15.9874 15.8415 15.9023 14.2435 16.1743 13.5493 14.8163 16.505 16.868 16.0018 15.6687 12.495 18.1757 16.6422 16.5318 16.1699 15.506 13.697 15.0098 16.1855
17.26 16.9873 18.7737 16.26 18.7249 15.8919 16.1572 17.1635 19.7099 17.7345 15.8664 15.0807 18.3626 14.378 18.2698 17.2335 13.9855 17.8694 17.7976 18.8555 17.0097 15.7892 16.0466 18.3171 18.0909 18.3194 19.1262 18.1228 16.5359 15.8888 15.9988 18.48 19.6301 19.3628 15.5947 18.9258 15.431 16.8975 15.4487 17.601 17.3923 17.4317 15.5548 15.9672 17.6195 16.478 17.4436 15.4943 17.6176 16.2027 15.8223 17.3882 16.5328 17.397 16.6846 13.8913 18.6746 17.7754 17.5759 17.5604 17.4013 15.5591 16.1497 16.3076
15.6546 15.892 16.664 14.8732 17.3835 14.2851 14.9494 15.4563 16.9456 15.1213 13.2001 14.6065 16.0973 12.6426 15.6713 15.416 11.3488 17.1913 15.1149 15.8757 15.2303 15.141 14.7788 15.7131 16.5891 16.1445 17.3171 15.8721 15.123 14.6655 15.8459 15.5999 16.879 17.3199 15.4713 16.3425 13.8426 15.6649 13.2224 16.8692 15.6643 14.8247 15.5102 13.6121 16.2356 14.7404 14.9049 13.8981 16.1596 13.1762 14.5688 14.6419 13.7964 15.9978 13.7867 12.6163 16.5282 16.554 15.6856 15.3203 15.0419 14.3831 14.3213 14.9608
15.1966 14.8565 15.9241 13.1557 16.9921 13.9285 14.9612 15.3377 16.6024 15.1797 13.3562 12.5978 15.3794 12.3496 14.5224 15.0686 11.6608 16.4057 15.2002 14.7931 15.3393 14.6615 14.3936 14.4011 15.5864 15.6782 16.0842 15.7625 13.3411 12.8544 13.7541 16.0349 16.5211 16.3567 14.0252 15.9175 12.7817 14.398 13.4828 16.2084 15.6855 14.6035 14.8935 13.8314 16.2534 14.2239 16.2589 12.8095 14.8723 13.9145 14.1024 14.976 14.503 14.8559 14.1498 12.0311 16.3365 17.0855 15.0082 15.6584 15.3959 12.9539 14.4836 15.4563
14.9097 15.5324 17.6628 15.713 15.9912 11.9315 15.6347 15.144 16.646 13.8469 13.0062 14.6598 14.518 11.7372 14.5274 16.3202 11.1287 16.8188 14.5899 15.5768 14.6965 14.5489 13.7203 14.9809 14.4515 14.3379 16.6756 14.7817 15.5941 12.8341 14.1648 17.5382 14.8737 16.3785 13.7481 17.132 13.9591 16.6044 12.5624 14.9583 16.3348 14.2447 13.4354 13.437 14.7137 16.585 14.7962 15.6051 15.7326 12.283 13.3166 15.1456 15.1594 14.3398 14.731 12.2482 15.6512 16.335 14.5713 14.5271 15.0021 12.7728 14.8792 16.283
15.612 15.325 18.608 14.3648 18.0498 14.3915 15.0351 16.0395 16.8951 16.6959 14.5134 15.1209 16.1834 13.021 15.8061 17.2001 11.5747 17.5777 16.0254 16.5573 15.0523 14.6178 15.5797 16.0643 15.1493 15.9414 16.713 15.7504 15.521 14.4753 15.312 18.6843 17.5566 17.0134 14.4077 16.9383 14.0554 14.9356 13.9593 15.6122 16.3473 16.0234 14.1983 14.8651 16.3621 13.7233 14.9179 14.0709 16.2937 13.927 15.4776 16.0342 15.6088 16.0531 15.264 13.347 16.925 17.3078 17.3939 15.3916 15.5921 13.0701 16.4919 15.0865
16.1939 14.8294 17.7746 15.062 17.5066 13.7388 15.1226 15.8565 16.8347 15.7386 13.7253 14.6378 15.4228 13.7998 14.49 17.4273 10.9077 16.8842 14.5476 16.8288 15.0468 14.3276 14.93 15.5315 15.7152 14.4863 16.3792 16.2084 15.7117 13.4973 14.6058 17.7432 15.7059 15.6643 13.8748 16.6199 14.6657 15.9162 13.3123 15.9963 16.9846 14.7001 15.2782 14.2404 17.0903 14.3416 14.2005 15.2336 16.4029 13.8643 13.8193 15.3334 14.4597 14.4846 14.5354 12.9718 16.2474 17.2469 15.9314 15.6694 15.5127 13.4006 14.7137 14.2141
17.3202 17.2864 19.5859 16.7259 18.6466 15.2315 15.5992 17.7278 18.0468 16.1694 14.5463 16.7827 16.7631 14.9557 15.9485 17.7819 12.159 19.0906 15.7883 16.8016 15.3446 15.4487 16.2664 17.1913 16.3292 15.8338 19.5683 17.3154 17.6094 15.2596 15.9598 18.5138 17.2125 18.2256 15.3228 18.4672 15.2047 17.3757 14.2485 17.8123 17.8503 16.0908 15.8411 15.6826 17.6081 16.123 15.8314 15.8648 17.0581 14.496 15.324 14.9491 16.7686 16.1366 15.6589 13.3035 17.8473 17.8182 17.3674 16.855 17.4214 14.4722 15.4035 16.1084
18.1253 16.0861 19.3673 16.9581 18.0017 15.3082 16.1992 16.5983 18.7948 16.7702 14.9507 14.1854 16.5321 14.4301 16.0645 17.4114 12.2866 17.413 15.913 17.6725 16.7031 15.6482 15.7554 17.0455 16.4938 16.7562 17.8854 16.8214 16.1886 15.0836 15.8171 17.6647 17.4783 16.8361 15.8103 18.8927 15.0951 16.8482 13.7538 15.9904 16.3196 15.1781 17.0253 15.3907 17.0015 15.5252 16.4954 15.0211 17.7634 15.1892 13.5772 15.7269 16.8153 16.3938 15.4085 14.0094 17.6872 18.3414 15.3772 17.5463 16.1309 14.3868 14.1993 15.1081
16.1848 15.0273 17.6407 15.4567 18.0127 14.0051 16.0438 16.2264 17.8389 15.3132 13.905 14.1135 15.8255 13.9078 16.5149 15.6999 13.1526 17.7946 15.8659 16.6751 17.3593 15.2368 16.3096 14.984 16.0144 16.7935 18.992 17.3604 15.8522 14.4703 15.5859 18.1566 16.7717 17.79 15.1876 17.4646 14.949 17.9758 15.3327 17.4923 15.3854 16.7005 13.8108 15.0237 16.7379 15.7745 16.5472 14.9185 14.7874 15.1525 14.247 15.6519 15.475 15.8251 15.6016 13.646 17.6356 17.0366 15.3556 15.8984 15.7655 14.3444 17.3981 16.9511
16.406 15.988 18.1188 15.717 18.6136 14.6275 15.8784 16.207 18.1549 16.4299 13.6412 13.4593 15.4553 13.7899 16.4949 15.6704 12.8916 17.1237 16.1633 15.6854 17.5067 16.3594 14.7147 14.7294 16.5747 15.9018 17.8731 17.3821 17.1558 15.1985 16.0674 18.2677 16.7332 18.78 14.4087 17.2892 14.0634 16.1153 13.9242 16.8507 17.3048 16.2198 15.1184 14.5261 16.7163 14.3641 14.6568 15.547 15.4195 14.5889 15.117 15.9099 14.3825 15.5102 14.2766 13.2057 16.1078 17.5574 16.6712 15.3269 17.4361 13.7486 16.3305 17.0805
15.9399 14.9356 16.7806 15.124 18.1903 13.738 16.0009 15.7708 17.5829 17.5519 14.7495 13.6474 14.7379 14.1381 16.3073 16.5707 13.0091 16.8669 14.9151 15.9012 15.8043 15.1053 16.0121 15.9966 15.5679 16.2477 18.186 17.1098 16.076 13.9334 16.2062 18.4651 17.1653 16.9926 14.0891 16.535 14.5874 17.0508 14.5796 16.6055 16.9375 15.7954 15.3265 14.5862 17.8234 15.0277 14.6705 14.5397 15.9547 14.0924 14.6466 15.3791 13.8562 16.6443 14.6522 13.6105 16.2249 17.5744 16.2117 15.9171 15.6909 13.3228 16.6053 16.2569
14.6106 14.4865 16.4963 13.2318 14.6336 12.2878 14.4564 13.9095 16.6279 13.2412 12.0687 13.723 14.1777 13.3183 13.7966 16.1107 10.5064 15.6884 14.0812 16.0238 13.2542 12.5894 13.7724 14.9855 14.3231 13.9757 16.2941 16.024 15.543 12.357 13.8302 16.5035 14.2365 16.4767 13.8193 15.8556 13.294 15.5056 11.8602 14.109 15.6616 13.6832 13.8211 13.8336 14.7414 14.6239 15.4031 14.0852 14.3196 12.463 11.6563 13.8094 14.1546 14.6226 14.3923 11.5088 14.8185 15.3804 15.1156 14.2272 15.6597 12.5905 14.4846 14.4327
15.522 14.671 17.3817 15.4506 17.5936 13.4205 14.1415 15.7401 16.7921 15.6444 13.9009 14.9163 16.0465 14.4281 15.8583 16.234 11.349 16.7084 15.4177 16.2122 15.7382 14.3848 14.9998 15.6558 16.1267 14.3253 16.8604 17.0444 16.1565 12.8575 14.3293 17.4914 15.9985 18.2243 15.8322 16.7308 13.6573 17.4576 14.0084 16.4892 16.2531 15.934 14.7263 14.2262 15.8269 14.3421 16.4361 14.5007 14.8506 15.457 14.6804 16.0059 15.2325 16.4469 14.5204 13.0382 17.4189 17.5449 15.0948 15.679 16.4592 13.8368 14.7853 15.2951
18.228 17.3065 19.9177 17.5277 19.6946 16.7975 18.194 17.5201 19.7281 18.1156 15.9477 16.9677 17.0167 15.6487 17.9741 19.6654 13.9355 19.4703 17.6152 18.8133 16.2898 16.874 16.3029 18.2049 17.4762 18.013 19.1685 18.5539 18.4332 16.3018 17.3386 20.036 19.1057 19.7847 16.5695 18.984 17.0821 18.6566 16.2722 17.1795 18.2127 17.5917 16.4193 17.1665 19.8325 17.3039 16.6027 17.0095 17.8213 15.9783 16.8463 17.5528 16.4132 17.4565 17.5357 14.3873 19.6289 20.6953 18.6993 17.5807 18.3743 16.007 17.8837 16.6767
15.0751 15.7288 18.9316 14.5109 17.8404 13.8375 15.0359 15.4549 17.4469 16.594 14.769 14.0525 15.6659 13.0356 14.6059 16.4459 12.1467 16.8457 15.2555 16.2591 14.8928 15.1931 16.2021 15.609 15.3585 16.0048 17.9273 15.6692 16.2715 14.2379 14.2217 17.6256 16.0464 16.0944 14.075 16.5866 13.628 15.7887 14.2007 17.2696 16.3669 15.6398 14.3516 14.4821 16.8119 14.6007 14.6548 13.4948 16.2827 14.2724 16.3299 15.1413 14.8086 15.1376 14.7031 11.9202 16.222 17.6044 15.2759 15.6781 16.2009 12.6254 15.6059 16.1771
15.903 14.8079 16.7206 15.6859 16.3864 14.0544 15.323 14.0859 16.3182 15.6265 13.8167 13.6488 16.213 11.7414 14.4731 15.9564 10.7501 16.2235 14.8281 15.6766 14.9223 14.6337 15.2664 15.4419 16.1815 14.8457 16.7449 16.053 15.6685 13.5145 14.2538 15.9351 16.2239 15.9878 13.3876 16.4883 13.7469 14.42 13.9426 14.4223 15.8275 15.2123 14.6285 13.0358 16.9523 15.0739 14.6969 13.4389 14.4812 13.5785 15.1217 14.7669 13.7682 15.0644 15.2077 12.7386 16.231 16.2988 15.2613 15.8568 15.9593 12.4839 13.8389 14.1256
15.311 16.0279 16.6184 14.286 16.5112 13.105 14.8163 16.6437 17.7308 15.2296 12.5174 14.1178 14.8538 12.0808 13.6689 15.4476 11.247 15.4692 15 15.1551 14.3669 15.2749 13.9074 14.9362 14.4988 15.7496 16.7062 15.434 13.9605 13.2487 15.2744 17.267 15.7144 16.622 15.3807 16.0862 14.1316 15.511 12.8616 15.9783 15.2492 14.452 14.8604 13.5269 15.2365 14.3138 15.1462 14.7085 16.7036 13.918 13.1601 13.8959 13.4488 14.7083 12.8384 12.1005 14.3295 15.4717 16.4989 14.9345 15.4757 14.1192 14.5705 15.2913
13.5512 14.5707 13.661 13.7942 14.9421 11.6199 13.8361 12.6632 15.8157 14.2507 12.651 13.2394 14.1854 12.4482 13.5883 15.0991 10.703 15.2725 14.2853 15.2516 13.7313 12.2774 12.5098 13.9967 13.6134 13.5082 15.4343 14.8646 13.5265 11.6617 13.7435 15.9689 15.6726 13.9454 12.2315 13.9177 12.9176 14.564 11.846 14.0886 15.1227 13.8887 14.2062 13.6222 14.0326 14.3277 14.2779 12.3925 14.1502 12.1479 12.4358 13.1882 13.5019 13.5401 12.6234 11.811 14.1072 15.1919 13.0324 13.2386 13.273 10.9541 12.7464 13.0988
17.1117 18.2831 19.7131 17.1819 19.6219 15.5867 17.6989 16.5854 19.6073 17.0091 15.6541 17.3719 17.8542 15.3494 17.8496 18.373 12.5139 18.9561 17.6582 18.9523 16.5939 15.3509 17.0055 18.004 17.7283 18.2971 20.62 18.2231 17.8547 15.9343 17.0688 19.7467 18.2434 19.9562 16.7369 19.1695 15.8507 19.0554 16.4204 18.832 18.4854 17.2568 15.9112 17.0915 19.4409 18.0105 17.4446 16.6122 18.8013 15.7175 15.0824 18.2557 17.3083 17.1199 15.5021 15.111 18.5779 19.1462 17.8386 18.426 16.9124 14.7882 16.6215 16.9635
16.7124 17.0898 18.9278 16.1001 18.5542 14.9105 17.814 16.1046 18.5014 16.7087 14.3315 15.6172 17.6396 13.5676 17.1566 16.743 13.8129 19.4763 16.1327 18.6413 17.1446 16.4516 15.4043 16.7192 18.7643 18.9172 18.5466 17.6595 16.9025 15.4308 16.2556 18.9466 18.3184 18.9117 16.517 18.3233 15.9446 18.3153 16.7307 17.4412 16.7497 16.9754 15.87 16.8264 18.7308 17.2279 16.9166 15.5942 17.3801 16.3169 16.4862 17.1164 16.7288 16.5427 17.2417 14.3955 18.7329 19.2442 16.2054 17.6836 17.3535 16.0377 17.6354 16.439
16.947 16.522 18.9172 16.13 19.5575 15.3166 15.7349 15.8111 18.1717 17.2634 15.7195 15.9632 16.8072 13.9708 15.4775 18.3622 11.5803 18.7806 15.877 16.7591 15.038 16.5702 16.2938 15.9927 16.4964 17.1254 18.8626 17.488 16.4593 14.8964 15.5696 19.0839 17.4799 17.1925 16.0962 18.1687 14.9685 17.3891 15.4384 17.5742 18.1651 16.8111 15.7175 14.9155 18.2027 16.9426 16.7668 15.0877 16.8139 15.6002 16.5911 15.6905 17.0944 16.3226 16.0427 14.1533 19.158 18.9639 15.5499 16.1043 15.93 14.2385 15.3891 16.2751
15.3197 14.5012 18.6436 15.0286 17.3386 14.6857 15.3583 17.2546 17.8223 14.9249 13.8905 15.1426 17.0826 12.8975 14.9492 17.5064 10.9222 16.583 16.518 16.0466 15.0458 14.6255 15.352 16.5244 16.5371 16.6206 18.0709 16.3736 15.7384 14.3124 15.6913 17.876 16.5291 16.784 14.3816 16.1697 15.7184 16.897 14.8261 17.4873 17.2085 15.0505 15.898 15.0842 16.0938 14.7791 15.1585 14.5768 17.1426 13.385 13.1993 15.1698 14.0064 14.8575 14.8104 13.0881 16.4793 18.4298 17.5336 17.4716 15.7289 13.5711 15.5969 15.2015
12.6131 13.1504 17.3613 13.2224 15.2876 12.2085 13.5711 15.057 16.2322 14.4359 12.7003 13.8545 14.8186 12.0647 14.7726 15.2529 11.0869 15.0118 14.04 15.8895 13.6351 12.8806 14.9191 14.4908 14.8984 14.8874 17.0348 16.2335 15.3621 13.6606 13.15 17.1257 15.5427 16.7904 12.9586 15.4475 12.6191 16.1092 12.8791 14.9765 16.1152 13.8983 13.7991 13.635 14.5191 13.4465 14.8334 14.1643 14.6076 12.8745 12.8359 13.8511 15.0669 14.5199 14.4833 12.548 16.4084 16.929 14.7121 15.2806 14.636 13.0848 14.9549 14.7893
17.9663 15.6261 19.1234 14.9782 18.67 14.9093 17.7164 16.5691 18.2125 16.5427 14.2633 15.6257 16.5871 14.2408 15.7655 17.5436 12.1802 18.2064 16.2029 17.0442 15.6692 16.1232 16.4959 16.9031 16.8873 16.4583 18.2646 17.2745 16.7615 13.9581 15.6324 18.4823 17.0123 17.6001 15.4771 17.8842 15.7287 16.4667 14.4254 17.5909 17.5734 15.9231 15.7022 15.1909 18.0361 15.7849 15.6118 16.2026 17.0227 14.4253 14.5839 15.8628 13.882 17.6972 16.0214 13.3134 18.0011 17.1643 17.8065 16.966 17.1274 13.8796 16.0677 16.967
15.9553 17.2011 16.7816 16.3403 18.0819 15.0342 15.4243 15.1707 18.3488 16.0478 14.3871 14.6824 17.6978 13.7836 15.9047 17.2505 12.9248 17.6648 16.9797 16.9831 16.3728 15.9399 14.7063 16.1186 15.937 17.3649 18.1735 16.9113 15.728 14.7354 16.53 17.8884 17.5071 17.3797 14.9854 18.511 15.143 16.2451 15.3575 16.5427 15.6738 16.873 14.5259 14.6852 17.4754 18.1662 16.7771 15.1968 16.5897 13.8052 15.1943 16.6346 16.4421 14.1637 15.7705 14.1051 17.3528 17.1511 15.3116 15.7711 16.3468 14.1562 15.4747 15.9465
16.074 17.0139 18.9703 14.3936 17.5855 14.672 16.4076 16.5478 18.2644 16.448 14.9773 15.022 17.2794 14.611 16.3265 16.5997 12.1731 17.5836 16.1364 17.5813 14.9156 15.235 16.4763 16.8641 17.1003 16.5243 17.6679 17.4631 16.4781 13.9705 14.2988 17.4904 17.4939 18.7008 15.7962 17.3888 13.9941 16.5784 13.9347 16.8646 17.5725 15.193 16.8204 15.7458 16.7883 14.4293 16.1387 14.4514 17.5469 15.681 14.6186 16.3656 16.8237 16.4016 15.4155 12.7959 17.5504 17.7669 18.3822 15.8576 17.0476 14.3204 15.488 15.6321
14.3321 16.2438 17.772 15.7813 16.2311 12.3357 15.2036 16.4328 17.8999 15.1247 14.7716 15.5246 14.8674 13.0908 14.6384 16.6046 11.7582 17.3478 14.9557 16.1381 15.6257 13.7657 15.6259 15.4832 15.3345 14.8227 17.9273 15.7379 16.0409 13.9501 15.38 18.1219 15.9299 17.5572 14.6302 16.5299 13.619 16.6061 12.7813 17.0357 17.0188 14.0317 13.9888 13.591 16.3422 15.6288 15.1003 14.9985 16.8653 13.4307 14.3345 15.4423 14.8298 15.8472 14.2923 12.9859 16.4567 17.1625 15.475 15.3069 15.1013 14.1435 15.5239 16.5296
17.5314 17.7745 19.2303 17.6543 17.9927 15.4651 16.927 17.618 18.7176 17.0269 15.0319 16.5452 18.7154 13.6156 17.9424 16.3801 13.8878 19.8552 17.3401 18.275 18.1312 17.3692 17.415 18.2788 19.1937 17.7068 20.7503 17.1634 17.9104 16.4625 15.9591 19.4628 18.1272 19.9582 16.3897 19.4853 15.2875 18.3728 16.2686 18.2784 18.336 17.1454 15.5926 16.4489 19.5539 16.9231 18.0664 15.5189 17.9486 16.5492 17.147 18.9265 17.6054 17.5517 17.1641 14.8601 19.6582 19.8818 17.6667 18.373 18.0421 16.5185 18.2848 18.5614
15.8238 15.0014 17.5628 14.7561 17.8208 14.6949 15.1403 15.9124 15.5328 15.2935 13.5144 13.1952 15.4789 12.8322 15.1482 15.5432 13.8873 17.2824 16.0163 17.0251 15.7327 14.9719 15.234 16.7937 14.7236 15.4168 16.564 16.7744 15.3168 12.6904 14.7124 17.0021 16.3726 17.0066 14.8912 17.0615 13.3128 15.5575 13.5546 16.3149 15.6143 14.7313 14.6969 13.9233 16.2578 15.2086 16.319 15.1721 15.2957 13.4149 13.4483 16.5784 13.9462 15.239 16.2489 12.5362 17.5042 15.837 15.5365 14.8934 15.8109 13.8243 17.0428 15.5306
17.1306 17.2144 19.7243 15.7078 19.5902 15.4392 16.8743 16.5128 18.1097 16.9888 16.3395 15.3644 17.3389 14.1517 16.333 18.1883 12.506 20.0318 17.0548 18.032 15.4617 15.457 17.0312 17.0008 18.9143 18.4794 19.6459 18.0013 17.1849 15.5029 16.3628 18.4167 19.1002 17.3797 14.6572 18.6978 16.7002 17.9087 15.4468 18.5557 18.944 16.0999 16.0669 16.3289 18.0697 16.8347 16.9561 15.5175 17.0489 16.1654 16.1249 17.4647 17.3218 16.8897 16.4741 12.9331 18.2562 19.062 15.3633 16.8544 16.5721 13.9402 17.6789 16.1397
15.4384 16.2612 17.8887 15.6083 17.49 14.4205 15.6956 15.9752 17.7189 15.6881 14.74 15.2431 16.6736 15.0443 15.0358 17.7206 12.4159 16.6576 16.1396 17.0452 16.1465 14.2983 15.297 15.8527 15.8956 14.7846 17.9501 16.8806 16.7565 13.9423 15.1525 17.6647 16.9434 18.1082 14.7953 15.6829 14.8967 17.6552 14.3074 17.8872 17.8315 16.0269 14.6687 14.2504 17.441 16.0866 15.7886 14.5411 15.9664 14.202 15.0566 15.6219 15.2773 15.94 15.4225 13.6474 17.2827 17.4216 15.7961 14.1059 15.5609 13.662 16.1616 16.7378
14.1543 16.971 18.2477 14.0556 15.9907 13.5229 16.0064 15.5787 17.8347 14.8755 14.279 14.7146 16.6744 13.0147 15.2811 15.6965 12.2673 18.0473 16.2859 16.8771 15.9484 14.2392 16.3054 15.0801 16.6774 16.1329 16.9201 16.031 15.4418 13.5323 14.5179 17.9151 16.9708 17.9576 14.1248 16.5799 12.5213 15.6463 13.2505 16.7666 16.569 13.3076 14.6179 14.3683 16.2734 14.0136 15.4012 13.5995 17.2405 15.0906 14.0938 16.9976 16.2631 16.968 14.8704 12.7722 16.1605 17.3688 15.809 16.4164 16.4142 13.4821 16.0977 16.1351
15.9208 15.0809 17.6845 14.2365 17.3545 14.0102 15.0586 14.5559 16.4242 15.4259 13.288 14.3933 15.1562 13.1945 14.6068 16.4762 11.4346 16.8172 14.9388 15.792 15.6168 15.0586 15.998 14.0949 15.7559 15.4709 17.27 17.2827 16.46 14.4296 14.2702 18.5117 15.6143 17.4526 13.7834 17.1801 12.7253 16.3735 13.4226 16.1998 17.161 14.0914 14.662 14.3327 17.3465 14.5193 15.9243 14.9559 14.6171 13.7148 14.2179 15.7176 15.3413 15.4632 14.6994 12.3931 17.1522 17.0044 14.6874 14.921 16.4978 12.8279 16.0791 15.5679
16.4743 16.9263 20.0673 16.788 18.8356 14.2082 17.5778 17.0294 18.9695 16.5003 16.3436 15.9743 16.7783 14.9947 17.4339 17.3492 12.7475 18.3779 17.956 17.8875 16.8671 16.0589 15.8456 17.5686 17.0749 16.3803 17.9334 17.2579 16.651 15.6025 16.2617 19.3741 17.4528 19.1459 15.5935 17.5351 14.15 16.7455 14.0467 17.8432 17.2298 15.8558 16.6642 16.7894 17.2345 15.3476 16.5766 14.7334 17.7567 15.7427 15.1314 17.2336 16.4473 17.1321 16.1851 14.1068 18.8051 19.2376 17.5885 17.3256 15.7577 15.3212 16.2037 16.4566
17.4709 19.71 19.9779 17.4219 20.1469 16.2553 18.0583 17.7285 20.6502 18.4452 15.7202 17.6758 19.6013 15.9172 17.8865 19.8443 13.2551 20.325 18.6955 18.2261 18.5522 17.0697 19.0736 18.3254 18.8766 18.9916 21.7719 19.7531 18.0979 16.2846 17.9467 20.2578 18.5442 19.645 16.6483 20.9035 16.3256 20.1045 17.5436 18.7165 19.6943 17.1847 18.0026 17.5503 18.42 18.3389 17.5238 15.6967 19.5889 16.7441 18.1163 20.0437 17.4647 19.1841 17.1053 15.7715 19.4534 20.7583 18.4787 18.7084 18.084 15.483 18.1674 19.9904
16.1161 15.6821 18.3169 15.0439 18.6371 15.0209 15.2396 14.9741 16.9277 16.3223 14.9421 15.3633 17.4361 13.7023 16.8722 16.0559 12.1024 18.5974 15.9522 16.8984 15.1332 14.8789 16.9868 16.4456 16.8222 16.3287 18.6263 16.8114 16.064 14.4583 14.7087 17.2662 17.4757 17.6376 14.8401 16.7981 15.2124 16.1971 15.4 17.7462 18.3291 16.0892 15.1436 15.212 18.6323 15.4328 15.3492 14.0593 16.4145 15.533 15.9767 16.4272 15.1865 15.8133 15.5923 12.8242 17.8388 17.6493 15.7081 17.8408 16.6575 13.1714 16.6629 16.0327
13.0797 14.2434 15.788 14.7332 15.9655 12.7886 13.356 14.098 16.2501 14.7115 13.0879 12.8704 14.5314 13.6066 14.6656 15.25 11.4661 15.1718 14.7959 16.1164 15.3595 12.7513 14.5871 14.9065 13.9346 14.5656 17.1845 14.8661 14.1825 14.4197 14.7261 16.517 16.0964 15.7205 12.9229 15.303 13.3337 15.2967 13.0038 15.3145 15.0227 15.7236 12.8304 12.6501 14.4387 14.4113 13.6923 11.8366 14.8083 13.0361 13.543 15.0845 13.5217 13.8293 13.525 12.4894 14.6475 15.9767 14.1051 14.1856 13.9385 13.192 15.2249 14.4176
14.2854 14.7558 16.9332 13.0214 15.1814 11.9141 12.6768 13.303 13.8052 13.7884 13.1024 13.967 15.6754 12.3983 13.1063 15.3271 10.102 16.1675 12.8175 14.3792 13.2992 14.181 14.3202 13.7718 13.1741 13.1468 15.0889 15.5171 13.4751 11.5229 12.5763 15.1016 14.3185 15.5438 14.0741 14.3335 12.2356 15.0394 12.7212 14.5658 14.3709 13.4497 13.2274 12.5968 14.943 13.1466 12.524 12.8796 14.9206 13.6097 13.552 13.8372 14.362 14.1021 14.0928 11.3848 15.3261 15.0378 13.28 14.7149 14.3202 12.2597 14.1411 14.3396
17.2147 15.9122 17.9114 16.1837 18.8203 14.1945 16.5837 17.2259 18.5096 16.6565 14.6521 16.2258 16.3445 14.0448 15.9719 17.9875 11.4176 17.182 15.8089 16.5059 16.657 15.5306 17.0047 16.0972 16.3498 16.286 18.5012 17.5871 15.8012 13.7929 15.6316 18.1678 17.0567 17.6009 15.0106 17.9081 15.7664 17.5558 15.6878 17.2539 17.3175 16.9261 16.5631 14.8068 17.4746 15.571 16.2457 14.697 16.7661 15.9934 15.9727 15.5243 14.7239 16.6878 15.5152 14.6401 17.562 19.0813 17.2139 17.7134 16.241 14.3643 15.4668 17.5905
17.0065 17.3529 20.0492 15.9551 19.6668 15.2689 15.9962 17.3991 17.7138 17.518 16.348 16.0067 16.8947 14.5742 15.9921 17.4916 13.4973 18.4222 15.9138 17.1403 15.5211 14.5515 17.619 16.3153 16.7587 16.3677 19.8598 18.5474 17.1631 14.6516 15.6723 18.8998 18.1386 17.6354 15.1593 18.975 15.2379 16.9977 15.0935 18.9818 18.8161 16.0659 15.9352 15.7955 19.0775 16.156 17.0368 16.0396 17.12 15.3546 15.4785 15.9023 17.5277 17.8215 16.7586 12.9997 19.3767 17.181 16.176 16.2985 16.9775 13.4141 15.5884 16.1706
13.4319 15.0065 17.4661 13.9943 16.1566 12.9095 16.1807 15.985 16.6859 15.3637 11.8093 14.1979 15.6528 12.9617 14.9872 17.0865 11.8981 16.9665 15.2503 15.9712 14.8965 14.4035 14.5955 15.8467 14.88 15.7974 17.2585 15.5044 15.4716 13.5498 14.6601 16.9617 15.8954 17.473 13.1681 15.4159 13.5188 16.7433 12.714 16.0785 16.4764 12.9395 14.7223 15.0324 14.5599 14.5733 14.1219 13.0661 15.3126 12.7711 13.8085 15.4787 14.7818 15.0501 14.9247 12.1747 14.7572 16.7168 15.4195 14.8348 14.9773 13.0138 16.2528 14.9239
14.4283 13.6663 15.3567 13.3516 16.845 12.7342 14.8262 14.4936 16.1864 15.235 12.651 13.8091 14.4377 11.569 13.065 15.6461 10.5723 14.7049 13.9219 15.6141 13.9658 13.0585 14.7153 14.9865 15.254 15.7961 16.6927 15.1533 14.2131 13.3092 13.8051 16.3763 14.5554 14.9847 11.703 16.0596 12.901 13.6372 13.0938 14.1774 14.901 14.3617 13.0051 13.3679 15.7264 14.2394 13.9393 12.7323 14.6163 11.7578 13.8827 14.4946 14.185 15.4106 13.5757 12.2942 14.7955 14.7134 16.0447 12.5792 14.0787 12.509 14.2588 13.8163
15.5899 17.2127 17.3922 14.9406 17.8666 14.7414 15.5456 15.2862 18.4386 15.8466 14.634 15.5604 16.4921 14.0033 16.4594 16.4712 11.8051 17.8826 17.0935 17.1629 15.6996 14.6489 15.1293 15.9612 17.1677 16.8259 17.3532 17.188 15.6425 14.2551 16.9041 18.3115 17.5665 18.3708 15.3506 18.0447 13.9553 17.3285 15.8348 17.1719 16.9743 15.8194 15.9953 14.2662 17.117 15.9179 15.9521 14.4444 17.7374 15.4157 14.4859 16.4244 14.9349 16.0555 14.8975 13.8455 17.7291 18.7292 16.5435 17.1861 16.4114 14.2617 16.344 15.9564
15.8968 15.3566 18.1613 16.249 17.698 14.9702 16.9548 17.2595 17.2809 15.1431 13.1046 15.7097 16.2665 13.3638 16.5946 17.2524 11.8878 17.8155 16.3627 17.5866 16.1211 15.5104 15.0683 16.4398 16.1738 15.3681 17.4135 16.4433 15.9221 14.1531 14.8778 17.1003 17.3465 17.6259 14.2485 16.3885 15.1457 16.579 13.1136 16.4023 16.9417 15.5443 15.6454 15.2752 16.1122 14.5001 15.492 15.3908 15.4486 13.9297 14.7591 16.3653 14.4283 15.9009 15.9333 12.8466 16.6416 18.5558 17.7094 16.213 16.536 13.9298 16.0493 16.1025
16.9429 15.6675 18.5144 16.6338 18.4405 14.6167 16.7821 16.6943 17.1267 16.4357 14.8509 15.8184 15.9281 14.707 16.8891 18.3011 13.1205 17.3268 16.7895 17.9977 15.931 16.8196 15.0617 15.5789 16.0935 16.1955 18.8379 16.7159 18.4073 15.4308 16.0337 18.732 17.0623 17.9011 14.7173 18.3428 15.9532 17.4999 13.5627 16.8676 16.8231 15.3968 15.4267 16.5427 17.3604 16.7121 16.0556 15.4681 15.3964 14.9151 15.5094 16.1424 16.7354 14.4972 17.3565 13.3093 17.5643 17.654 15.5459 16.1734 16.8476 14.2289 17.2239 16.0815
13.8928 13.573 15.3051 13.3143 16.4372 12.3448 12.9447 14.7045 16.0745 13.6159 12.4387 12.8884 13.7349 11.2838 13.6131 15.0767 8.68843 15.1075 13.8064 13.4104 13.3657 11.9222 13.5287 14.0457 13.6915 14.0584 15.0279 14.6339 13.7044 12.2021 13.651 15.1498 13.8016 14.19 13.4382 14.332 13.2242 15.5038 12.4073 14.5142 14.5789 14.1079 12.5174 12.7216 13.3925 12.1169 13.052 13.3997 13.87 11.6646 12.3643 13.5123 11.5626 13.6856 12.0626 12.1019 13.6956 15.5294 14.2582 14.3436 12.4192 12.5692 13.835 13.8649
17.7387 17.6746 19.7393 17.2981 19.4329 15.7101 15.6042 16.9924 18.7494 18.0701 15.8062 17.395 18.7554 15.0757 17.7687 18.2956 14.1475 19.6538 17.3467 19.3126 17.2766 17.3604 17.7294 17.634 17.6851 17.5347 18.7359 19.2631 16.9204 14.7232 17.5771 19.928 19.767 20.3801 15.8918 18.6071 15.0177 18.0886 17.1074 17.8218 18.4027 17.7125 16.8539 14.8195 18.8317 16.9271 17.0552 16.6879 18.9149 17.6382 17.0542 17.9552 16.6138 17.6204 17.2368 14.7391 19.212 20.1548 17.1852 18.9555 18.3567 15.2138 17.6814 17.9254
16.826 16.6149 19.1684 15.6747 18.7724 14.4976 16.0586 16.7838 16.1492 16.4932 14.6225 15.0763 17.0538 14.5471 14.289 18.0841 11.8878 16.7928 15.1025 17.4144 15.3435 15.451 14.8958 15.0971 16.2039 15.3728 16.767 17.602 15.8513 13.6692 15.0245 17.8214 17.5451 17.7295 13.8329 15.8235 13.4945 16.7911 14.3856 18.0778 16.6441 16.0316 15.0636 14.0738 17.1736 14.7289 13.8082 15.2342 16.8689 14.9818 14.6532 16.3747 15.9702 16.3811 14.8596 13.0109 16.798 17.5558 16.5998 16.2317 16.948 13.2208 14.7323 14.0902
13.9543 14.4923 15.729 12.0822 15.6049 11.3972 13.7012 15.4031 16.4556 13.5765 11.1326 13.801 13.7451 11.5706 13.3525 14.4819 10.2808 15.2111 14.0754 13.2447 14.1723 13.1303 12.8994 13.7943 14.1452 14.1974 16.4836 13.6173 14.1618 13.6742 14.2042 16.0643 14.9734 15.8427 14.1294 15.3468 12.5053 14.3025 10.626 14.8896 15.2216 13.8151 12.9191 13.7273 14.3114 13.0498 14.1304 13.6628 14.0108 10.7809 11.9428 12.732 12.33 14.7413 12.2426 10.8524 15.0942 15.3261 14.5316 14.9777 14.1619 11.948 14.6218 15.1388
17.2636 16.551 18.5404 16.0555 19.3004 15.6457 15.1645 17.3114 17.5784 17.4549 14.1218 16.1674 16.454 12.7494 16.7037 17.3974 11.4242 17.8627 16.5799 17.3162 15.6166 16.3907 16.543 15.9372 16.3362 17.1428 18.2462 16.6625 15.7299 14.952 14.9942 18.5178 16.9991 17.0198 15.4931 18.6608 14.448 17.0009 14.5581 18.4067 17.3007 15.6238 15.0202 14.7512 17.6707 15.2847 16.2688 15.7701 16.6519 15.8857 15.9253 16.3109 15.7082 16.4457 14.8122 13.1301 17.634 17.0571 16.3958 17.0456 16.3043 14.031 16.1088 15.6172
15.6367 12.3638 16.3239 13.3855 16.9489 12.9355 14.6546 16.2971 17.0087 15.5691 13.0299 14.599 15.4995 12.6146 14.0015 16.7157 13.2854 16.8983 15.5298 15.3659 16.639 15.1252 14.156 14.9088 16.2013 15.8198 17.2337 16.7317 14.5312 13.6527 14.4714 17.9404 16.5098 17.1226 15.1469 15.4191 15.3424 15.2192 13.5303 16.718 15.4494 16.0097 14.8374 15.6179 17.3005 14.3093 17.724 15.188 15.3015 12.9326 14.4869 14.6985 15.5493 15.2411 15.5257 13.3764 17.8113 17.4331 15.2997 15.3953 16.0051 14.4227 16.9729 16.3311
16.065 13.3703 16.6087 13.3414 15.7689 12.4422 14.5415 14.2258 15.3136 13.8374 12.2231 13.0405 14.9144 11.8913 14.1642 14.6634 11.8304 15.1294 14.414 13.9422 15.8343 13.6536 13.4647 13.7177 14.9271 14.8061 16.2976 15.8478 14.7703 13.0704 14.5985 15.5303 14.935 16.6926 13.6121 15.9938 14.5589 15.1489 12.4248 15.4805 14.2349 15.4313 12.927 13.3404 14.8942 14.6273 14.7366 14.7909 13.498 11.9904 13.137 13.5221 13.8389 13.7197 15.2306 13.0927 15.8076 14.4682 14.1548 14.2405 14.7777 12.7326 15.1869 15.6366
14.2574 14.2481 16.6847 17.181 17.6936 13.6579 15.2045 15.2639 17.5847 15.6772 13.7269 14.1393 15.5383 12.892 16.3159 15.5613 11.4411 15.8822 15.3443 15.9988 15.7287 15.072 15.6133 15.0916 15.6807 15.3574 17.4655 16.127 15.348 12.2859 14.3617 17.1576 16.8114 16.8985 14.0228 16.7488 13.9227 15.8644 14.5839 14.9299 15.5689 15.9924 15.0395 13.7027 15.8976 14.7887 14.862 14.5877 15.1649 15.0085 14.7263 16.1342 14.2472 15.0615 14.9027 12.4741 16.2419 16.8113 15.2057 16.1425 16.7876 11.7229 14.2881 15.431
14.7028 15.488 17.556 13.7507 16.7099 13.3433 14.1831 14.3537 17.218 15.3359 12.7474 15.5701 16.1185 12.4582 14.5962 16.2135 11.7117 16.5656 15.65 16.6694 14.1098 14.604 14.5354 15.8486 15.5848 16.685 18.0552 15.3723 17.0083 14.3733 14.9366 18.9668 16.9008 17.5347 15.2477 16.2959 13.842 16.3964 13.7561 16.5467 16.8162 16.848 13.1288 14.2585 16.5644 16.447 16.666 14.6072 15.6484 12.0516 14.2265 14.6983 14.477 15.1318 15.0548 12.8939 17.0656 17.0071 15.6153 14.6093 15.6552 13.4933 17.1512 15.8073
16.9607 16.499 18.5155 15.0622 18.4907 14.2754 16.0809 14.7125 16.1404 14.8107 13.9088 14.731 15.5795 13.5745 15.2528 17.5157 11.5153 17.0523 14.861 16.568 14.5361 16.1413 15.1038 14.5902 14.933 16.0943 16.9644 17.0892 16.5571 13.9951 15.6074 17.0069 16.5132 16.9321 13.8982 17.0697 13.8705 15.8246 14.1812 16.3234 15.344 15.9171 15.2603 14.4585 16.5167 15.9562 14.6153 15.1248 16.2983 13.4893 14.9078 15.1804 15.5029 14.8283 15.1372 11.9691 16.1848 16.9797 15.7661 15.2214 16.883 12.3313 15.6256 15.3099
13.8609 15.0428 15.7368 15.2601 17.0006 13.0726 14.5777 15.3463 16.6661 14.9265 12.8754 13.5515 15.0979 12.0341 14.7245 15.4678 11.2403 15.8756 14.391 16.0805 14.7506 14.2539 13.4388 15.2161 15.1109 14.6303 16.9535 15.0986 14.9047 12.7743 14.6234 16.8956 16.2041 15.7787 12.5854 15.8593 13.8102 16.1697 13.8274 16.3128 15.6941 14.9711 13.3694 13.5054 15.1222 15.0133 14.1413 13.8779 15.0141 13.2926 14.1373 14.5231 13.3544 14.0689 13.6718 12.4345 15.4745 15.9763 14.3892 14.0985 15.0643 12.6906 14.3327 14.7339
19.2352 19.0396 21.2607 18.1934 21.0288 17.7265 17.8045 17.6308 21.1696 19.3653 17.6294 16.6633 19.4436 16.4074 19.6948 19.9917 14.3959 20.188 19.3332 19.5887 18.1917 17.9593 18.0347 19.3568 18.5456 19.5257 20.3085 20.7383 19.1493 16.7167 18.2635 20.5078 20.9483 21.2623 17.8054 20.08 16.1108 19.3595 17.0346 19.3841 19.5777 19.0929 18.5079 17.0108 19.607 17.7698 19.0178 16.7988 18.9678 17.0695 17.3672 18.3201 18.2995 19.5803 18.2608 16.5165 20.7897 20.6573 18.2754 18.9212 18.7362 16.3107 17.8707 18.067
14.8155 14.2345 17.0265 14.3235 16.1102 12.4954 15.3208 14.1384 16.2374 14.7552 13.0477 13.5312 13.9167 13.1175 13.4418 15.7547 10.976 16.4584 14.7635 15.6534 14.3391 13.9787 14.26 15.2711 15.7709 13.9854 16.7689 15.3852 15.3002 12.465 14.3822 17.6602 16.0606 15.9719 12.7356 14.4547 13.4075 15.8753 13.1277 16.1421 16.1053 15.8615 14.127 13.7933 16.9845 13.8616 13.573 14.5331 15.705 12.705 13.0261 14.6757 12.5891 15.292 14.0514 12.8142 15.6642 16.5385 15.716 14.1283 14.8115 12.319 15.6361 14.67
17.301 17.9411 18.8275 17.1436 18.7593 14.7599 16.63 17.6045 18.3022 17.9876 16.5194 16.3993 17.825 14.1327 17.5538 18.1407 14.5312 18.4459 16.6666 18.1211 16.8016 16.6709 16.6981 18.2172 16.8568 18.2826 19.291 17.7672 18.4765 16.2844 16.6113 19.1926 19.2415 19.6947 17.0171 18.8861 16.2422 17.9518 14.779 17.6877 18.3224 17.7791 16.2027 16.9518 18.3865 16.7986 17.4384 16.0424 17.765 15.9317 16.4745 17.3223 17.2192 18.5924 17.3228 13.8316 19.9115 19.5415 16.729 17.2913 18.0272 15.1342 17.843 17.7761
16.2334 15.6703 18.5725 15.3479 18.1415 14.0753 15.0565 16.2623 16.2683 15.4616 13.1481 14.9551 15.8345 13.1674 15.1946 16.68 11.3329 16.7355 14.8222 16.9334 15.2812 14.4332 14.6159 15.7636 16.324 14.8108 16.4196 17.0083 15.3158 12.3597 15.4769 17.1197 16.7114 16.8557 15.057 16.127 13.884 16.2325 14.2436 15.8484 15.8428 16.2612 15.1966 14.443 15.7264 13.7882 14.2269 16.0574 16.7704 13.691 14.3362 16.3342 13.6555 17.2142 15.2735 12.9667 17.3005 17.692 16.4389 15.2395 16.4093 13.4648 15.2479 15.4517
16.9736 17.3853 20.6291 17.2768 19.2647 15.1413 16.6932 17.1747 18.247 17.2179 16.1907 16.9852 17.4267 13.6799 18.0674 18.4049 14.5529 20.4019 16.384 20.0416 17.085 16.5344 17.2574 17.7675 17.6434 18.462 19.7429 18.0791 18.1217 16.5669 15.6806 19.7528 19.2338 19.218 16.1522 19.6615 15.9523 18.1666 15.5169 18.1709 19.1458 17.276 16.1255 16.8539 18.719 18.0407 18.6447 16.9673 17.8012 15.1233 16.4681 17.8764 18.869 17.0829 18.4293 13.5624 20.4904 19.3975 17.1023 16.4676 17.6913 15.8733 18.7619 18.3253
15.8078 16.2149 17.3514 15.7245 17.2291 13.5526 15.0966 15.167 17.0507 14.254 13.3575 14.139 15.0669 12.455 14.1221 15.6952 11.444 17.4349 14.7187 15.7176 15.9748 14.6486 14.5136 13.7749 15.3208 14.906 17.732 16.8223 16.1238 14.1654 15.3022 18.1609 15.4936 16.543 14.8355 16.5667 14.353 15.8237 13.4421 17.04 16.5954 16.0825 13.1581 12.857 17.1866 15.6067 15.3302 15.5477 14.8966 13.0949 14.2578 14.5696 14.2906 14.4466 14.7694 12.8314 16.3911 16.3188 15.0438 13.8966 16.0201 13.95 15.8218 15.5512
14.4708 15.0077 17.0572 14.9711 16.4169 12.8795 14.7111 14.2095 16.6098 15.2347 14.8946 15.2878 15.972 12.4427 16.2395 15.7452 10.4807 16.4483 14.617 16.2812 14.5172 14.8452 16.4323 15.4259 15.8367 16.3591 16.4214 14.9306 15.3425 13.7352 14.0372 17.4404 16.438 16.9135 13.9186 17.1825 13.0843 15.5222 14.6061 14.4857 14.2899 15.3402 13.4879 14.2598 16.1787 14.6302 15.0655 14.0348 16.5639 13.7709 14.3713 16.2415 16.2795 14.8787 14.8943 12.8632 17.0588 16.9032 15.1436 15.7763 14.3402 13.7224 15.3998 15.0143
14.593 15.9771 17.8874 15.1863 19.1241 14.8156 15.8622 15.3508 15.7095 15.3582 14.7038 14.1204 15.3657 13.4083 15.5855 16.686 12.4203 17.3869 16.1013 15.6831 15.1064 13.686 15.5177 14.6529 15.1772 15.7116 17.8683 17.2308 16.134 13.4049 14.5785 16.609 16.7525 16.3932 14.2885 17.2175 14.1017 16.0542 14.7914 16.9658 17.1055 14.8106 15.9661 15.2777 15.9809 14.7004 14.2919 13.8277 15.339 14.0416 14.7185 16.6515 15.1823 15.3374 15.569 13.3579 17.5086 17.1423 14.5321 16.0648 15.6936 12.5992 15.42 14.7511
16.2967 16.7092 17.7318 16.5507 18.6635 15.7587 16.7656 16.6425 19.0825 17.4195 16.3353 14.5124 17.1637 14.3778 16.8688 18.7926 13.3817 17.6169 17.8983 18.6846 16.2427 16.9502 16.8928 17.9099 17.1032 18.5962 18.982 18.2228 17.293 16.0049 17.1019 17.9341 18.9355 18.8066 15.4888 18.2954 15.2974 17.2323 15.2905 17.7685 16.1296 17.1597 15.6268 15.6427 18.2434 17.2151 17.4871 16.0459 17.3855 14.6291 15.6974 18.1712 16.328 16.7744 15.8762 13.8948 18.8142 19.8112 15.9668 17.1122 16.9659 15.0657 16.5966 16.8711
15.486 16.2017 20.073 14.9304 16.9838 14.5006 16.5952 16.4777 17.6133 15.8944 14.8669 15.4474 17.7066 13.7362 15.697 18.2246 14.0442 17.0043 15.5742 18.2469 16.5733 14.434 16.094 16.6005 15.3134 16.2883 16.9506 17.1803 15.604 14.2898 15.025 17.2204 17.6112 19.1691 14.9038 16.2822 14.6097 16.0204 14.2382 18.0043 16.5428 14.76 14.4431 14.4254 17.5539 15.4528 16.2481 15.7753 18.326 14.7766 14.4198 16.8143 16.6997 16.5395 15.7652 13.2133 16.7961 17.7757 16.1077 16.9507 17.0727 14.3426 16.016 15.6497
14.6162 15.1198 16.1573 15.4169 18.6381 14.2976 15.4435 16.1367 18.2902 16.72 13.9302 15.4347 16.3888 14.4721 16.765 16.7092 12.2876 18.0376 17.2553 17.0379 15.0421 15.6065 16.5607 17.2253 17.058 17.5213 19.3816 16.5774 15.1291 14.4522 16.3519 18.2638 17.1746 17.5326 15.5185 17.4504 15.1479 17.8038 15.6177 17.4107 17.21 16.9993 15.1693 14.5528 17.0909 17.1243 16.3805 14.67 15.1277 15.4926 15.6703 15.9806 13.7875 15.6113 15.8289 13.9917 18.2695 18.2694 15.9054 16.9933 15.2778 14.5223 17.7777 16.9483
16.4398 15.4869 18.3699 15.597 17.1257 13.582 14.3153 14.7389 17.2348 16.4672 15.1117 14.476 16.6907 14.0504 15.9673 16.6555 12.59 17.1163 14.9438 17.5623 16.9847 14.9519 16.7161 16.2436 16.6787 15.7439 17.5336 17.89 15.8179 13.8974 13.4811 18.2348 16.6694 18.0219 15.2013 16.9269 13.3443 16.3042 14.7247 15.3515 17.3686 16.3941 15.245 14.4947 17.0911 14.8515 16.0431 14.4856 16.8663 16.2924 15.3509 17.0227 16.2894 16.8938 15.6121 13.7636 18.0526 18.1157 15.8132 16.1229 16.6985 14.3405 16.6603 16.5924
15.8935 15.1036 18.2318 14.7857 18.223 14.545 16.1322 14.7226 16.9671 15.6368 14.2235 14.8617 16.0899 13.9289 14.8207 16.7417 11.1791 17.2577 15.4769 17.8812 15.3162 14.7288 16.0006 15.5974 15.8645 15.612 17.5062 16.6619 16.4494 14.6533 14.6423 18.0512 16.4941 16.1224 13.7279 16.0774 13.8542 16.1662 13.2144 16.8508 16.3031 16.0105 14.0956 14.4216 16.5779 15.1022 14.1188 13.9775 15.479 13.8439 15.638 15.2144 14.1955 16.7061 14.6994 11.6826 16.2107 17.1713 15.3824 14.5553 15.6235 12.5458 15.6419 14.0619
17.0004 17.1568 19.0925 16.8147 19.3569 14.7564 17.2254 17.2029 18.1555 18.1611 14.9584 17.1799 18.7767 14.3091 17.1388 17.9487 14.0239 19.4449 16.0019 18.2512 17.7886 16.4874 19.4327 18.2862 18.8049 18.3296 20.9958 18.2583 17.8788 15.75 16.2823 19.3571 17.8742 18.7732 16.4857 19.9427 17.7755 18.3599 16.9095 17.013 18.6589 17.2338 17.0594 17.5394 18.776 17.0169 17.4105 15.6263 18.325 17.1693 18.2743 17.9845 17.5054 18.2206 17.0889 14.8564 18.7241 19.2258 17.1382 16.9903 17.7144 15.0528 18.4385 18.265
15.1885 15.3114 17.5205 16.2012 17.7075 13.8164 16.3006 16.5441 17.3209 16.7748 14.1217 15.1958 16.7252 14.1038 17.3966 18.2959 12.926 16.5229 15.5001 16.1112 15.8667 15.4526 15.8244 17.5631 15.0847 16.5431 17.9347 16.2688 15.4998 14.1029 15.8361 17.8038 18.9236 17.9241 14.0069 16.8089 15.4015 17.1254 14.6918 16.6536 16.5447 15.9477 15.7525 15.4686 17.0441 15.1732 14.8646 14.8966 17.4086 13.785 14.3906 16.9554 14.4115 16.4435 16.0684 13.2941 16.9998 17.0349 16.2928 17.1439 15.9971 13.1773 16.5636 15.4154
14.0483 14.3088 16.118 14.463 15.9761 12.9691 13.6873 14.3297 16.8733 14.8773 12.8012 12.9391 15.9639 13.228 14.2304 15.9242 11.0976 15.8166 15.5363 14.5584 15.3654 13.7351 14.4108 15.4416 16.044 15.0324 17.223 16.6111 14.4851 12.8441 13.4784 17.3115 15.7005 15.4972 14.3407 15.6493 14.4011 16.9551 14.4778 15.4689 16.6604 15.4996 15.0806 14.2123 15.6048 14.7655 15.5153 14.2002 15.4457 13.9307 13.5228 16.2059 13.562 14.6084 13.8073 13.0556 16.4641 17.1357 14.8343 14.3521 14.7432 13.1307 15.1954 15.3674
16.4337 15.8564 19.4157 16.0411 18.3913 14.4078 16.8641 14.9251 17.7271 16.7333 14.4036 16.6745 16.7989 14.9323 17.2966 18.4182 12.3776 19.2216 15.6583 19.6344 15.267 14.4008 17.0565 18.0566 17.3273 17.0188 19.6644 17.7852 18.5061 13.9573 14.4615 18.2697 17.9455 17.9607 14.5161 17.6897 14.958 18.7043 15.8265 16.3619 17.8511 16.8164 15.0661 16.0501 18.017 16.9275 15.6073 15.325 16.2307 14.4105 14.9331 17.1292 15.8266 16.9408 16.8677 13.1286 17.8616 18.532 17.11 16.8535 16.8459 13.7884 17.9451 16.012
14.8883 14.6709 16.4206 15.2178 17.2865 13.4348 16.1857 14.9068 16.2154 15.6086 13.0891 13.7639 14.9184 12.0239 16.0237 14.4302 13.2168 16.2415 14.9861 15.9279 15.6294 14.7918 15.2859 14.4579 15.6804 16.4972 17.7767 15.9804 14.4617 13.7843 14.9252 16.6064 15.8172 15.9014 13.3047 18.0858 14.4461 15.3051 14.1413 14.9714 14.6434 14.3173 14.1529 14.1887 15.9551 15.9068 14.8186 14.1402 14.9988 13.4643 14.1247 15.3438 15.0275 14.635 15.7756 12.357 16.1689 14.9608 15.2077 14.5948 14.5407 13.1345 15.1258 15.6968
17.0914 18.2908 19.1231 16.9297 19.2456 14.6837 16.7943 16.828 18.8485 16.6045 16.0121 15.9539 16.9009 13.6944 17.3559 17.3257 12.0155 19.3437 16.8545 17.5158 16.6892 15.9029 15.428 17.178 17.8266 16.8809 19.3334 17.0393 16.2307 16.2646 15.4251 18.3504 19.419 18.5243 15.6255 18.2473 14.825 17.1853 14.6844 18.4428 18.3709 17.1339 15.5324 14.858 18.8043 17.2443 17.6814 16.1025 17.937 16.3267 15.5805 17.2852 17.6148 16.5056 14.7792 14.5083 18.4137 20.3105 15.7872 18.0941 16.7378 15.9617 17.0907 17.0056
16.1937 16.2315 19.919 14.3312 18.6267 14.5807 15.3096 15.2029 17.6709 16.1796 14.3593 15.5533 16.7134 14.1071 16.1071 16.8661 11.9302 17.954 16.0776 17.2054 16.8971 14.3045 16.3754 15.8025 15.4293 15.5829 17.282 17.0262 15.9642 14.0753 16.1039 17.5259 17.4374 18.1168 16.227 16.6679 14.4895 16.5967 14.2799 16.9204 16.2223 17.0267 14.8288 14.6 15.8776 14.3775 14.9185 14.4635 16.0382 14.3138 15.0739 15.4404 14.2554 17.2377 14.772 14.8847 16.6531 17.0449 16.9568 17.4066 16.4244 13.9768 16.8094 17.6611
16.9844 15.7813 18.0108 14.7278 18.3041 14.7648 15.6609 15.4985 16.7886 16.3158 14.5633 14.5058 17.282 13.4545 16.0655 16.1747 12.8602 17.8347 15.9115 16.7043 16.9127 15.9896 15.3234 15.557 16.3298 15.7154 17.8861 16.9323 14.9555 14.1663 14.7914 17.3681 16.583 16.422 14.8989 18.2093 14.9261 15.6145 15.2669 16.177 15.9237 15.829 15.2599 15.6483 18.655 15.3613 15.9728 14.0802 16.3548 15.2073 15.4817 16.6139 16.4021 15.0782 16.4528 14.0826 18.0564 18.0902 15.6814 17.2351 16.7871 14.5898 16.3064 16.5846
15.7961 15.0412 17.9838 15.3287 18.1427 14.9898 15.4195 15.8228 16.5022 16.3689 14.0449 16.1209 16.2947 13.0242 14.9338 16.3654 11.3467 19.1655 15.9656 17.8683 14.6209 14.6589 15.8479 17.0931 17.3288 15.7366 18.2227 16.7149 15.8951 14.0504 14.7292 17.8155 16.4891 17.1172 13.5607 16.7426 14.2091 16.3394 14.0465 15.8371 18.0622 15.0001 15.4187 15.1097 17.1539 15.1707 14.7461 14.6783 16.1425 14.0439 15.114 16.1659 16.3339 16.0521 15.2247 13.967 17.1487 18.4987 17.5137 15.4372 16.3687 14.2798 16.5853 15.9599
15.614 15.3244 18.0306 14.1658 16.9973 14.23 15.7424 15.0157 16.9545 14.4744 13.2971 13.966 15.8516 12.8829 15.3379 16.766 10.9279 17.4739 15.5275 17.3698 14.698 14.5269 15.3927 15.5553 15.0247 15.8072 15.6722 16.7259 15.9128 13.2915 13.5926 17.3573 16.0938 17.0519 13.5083 16.2976 13.9575 15.9789 13.5254 15.6567 16.9315 14.7002 14.8069 14.6665 15.9387 14.0861 15.0662 14.1057 15.1827 14.3824 13.9854 16.091 15.0808 15.7234 14.4454 11.6832 15.7874 16.6383 16.4186 15.6123 15.7609 12.272 16.0163 15.1754
15.1869 15.8684 17.3563 15.8914 17.8314 13.5573 15.6006 15.8387 16.4988 16.364 14.2662 13.7459 16.9678 13.8295 15.4458 16.9892 12.327 17.1653 15.4076 16.505 15.6772 16.02 14.686 16.5275 15.6605 15.2182 18.5191 16.8696 16.7556 14.7853 15.8201 16.677 17.4465 16.8826 13.8847 16.8144 15.4358 16.6911 14.5296 16.7085 16.1834 16.6401 14.3016 14.1883 16.836 16.1872 15.4451 14.3225 14.7956 13.6728 15.2042 16.0096 14.8271 14.6839 15.9331 13.2262 16.0814 16.7209 14.5932 14.5969 15.5004 14.6795 16.861 15.6954
17.4811 16.0982 19.4978 15.6522 18.6294 14.5286 17.1779 17.7395 18.2907 17.8052 15.2491 16.0018 17.5841 13.3677 16.5559 18.4698 12.0532 18.2561 16.1208 17.9831 16.5056 16.1749 15.6777 17.3354 16.9111 17.9888 18.3122 16.6541 16.4981 15.9385 16.8566 19.465 19.0738 18.2717 15.4377 18.0973 15.5427 17.1116 14.5139 17.4988 17.5454 16.698 15.1814 16.3057 17.8053 16.0169 17.4837 16.303 18.0671 14.5728 14.0495 17.1846 17.0443 16.6207 16.3399 14.9775 18.6139 19.5836 17.6967 18.3571 16.4767 14.4494 17.7387 17.2463
15.551 16.5739 17.4163 15.4393 18.0933 14.5341 15.4838 15.5972 18.1017 16.3612 14.5975 15.7623 17.1451 14.3665 15.9841 17.4915 12.0642 17.2049 17.7074 16.3411 14.6446 16.4328 16.0955 15.9888 14.8547 16.1859 18.017 17.5385 15.8924 13.7592 16.21 18.0786 16.7421 18.0956 15.2488 16.9081 14.4683 16.1926 13.7586 16.3708 16.6929 16.4755 15.6731 14.5313 16.3163 15.4849 15.8576 15.9888 16.3438 14.243 14.8989 16.1666 15.5513 14.8152 15.5112 13.3263 15.7501 16.9946 16.756 16.065 16.4646 13.084 15.8204 15.7169
15.8667 17.4467 17.338 14.2549 17.5361 14.6013 15.9181 14.4082 17.5728 13.896 14.3088 14.2889 16.4624 13.6858 15.4395 16.8284 10.5738 16.7474 15.4278 16.8753 14.4856 14.7253 14.88 15.3453 14.7662 15.5991 16.741 16.2352 15.4148 14.2478 14.0559 16.0703 15.9526 16.2046 14.3328 17.7769 14.1944 15.2201 13.5632 16.1748 15.8495 15.1652 14.3022 14.0665 16.4076 16.0982 14.6848 13.7135 16.5173 13.7659 14.7506 16.0281 15.5923 14.4879 14.1004 11.7496 16.2778 16.0609 15.6839 14.4788 14.8649 13.4612 14.1698 14.7617
17.1585 16.8919 18.098 19.1661 21.2216 14.6405 17.8176 18.6205 19.2675 18.5972 14.607 17.1562 17.5875 14.5447 17.9896 18.5338 13.6674 18.0791 17.6735 18.3861 17.9537 17.6829 16.5363 17.7735 17.3679 17.9309 19.5998 17.4046 17.765 15.3699 16.7541 20.5561 18.5715 19.0051 15.9345 18.525 15.7268 18.6621 15.6366 17.3892 18.4555 17.7674 16.5003 16.3492 16.7518 16.5062 16.3796 16.0907 17.1262 15.7477 16.9929 18.5667 15.2448 17.3522 16.5214 14.3714 17.3512 18.5541 17.4788 17.4644 17.2212 14.7912 17.4673 16.9248
15.4942 15.2433 17.8936 15.6497 16.8716 13.5646 16.5657 15.1056 17.4651 16.6411 13.9821 15.0849 15.3841 13.1729 15.734 17.01 12.4191 17.8064 14.6535 17.3234 15.7068 15.2431 15.4948 16.647 16.2539 16.1157 16.9855 17.0375 16.6838 14.4504 14.6613 18.1836 16.9535 17.9077 14.0031 17.3851 14.5119 15.8201 14.5509 15.4433 16.8483 15.5453 14.5823 14.7221 17.6675 15.4683 16.3084 15.2618 15.9956 14.5927 15.3647 16.1826 15.7064 17.0288 15.8246 13.3971 16.7536 16.8763 15.9303 15.0487 15.9884 14.6627 15.6148 16.4564
15.3522 15.4958 17.898 14.293 17.3634 12.9787 15.3105 16.0293 16.7754 15.8093 13.8021 14.6248 15.4427 11.897 15.0857 15.7576 13.0181 17.3991 15.2273 16.126 15.4271 14.3448 14.837 16.4339 16.6088 16.1509 17.7587 16.2918 15.9834 13.5114 14.6369 16.7925 16.2294 17.5168 14.3058 16.8689 14.0075 15.8717 14.0496 17.2055 16.8948 15.5635 14.2486 14.2621 16.9142 15.2945 15.5368 14.7028 15.7155 13.4043 15.334 15.6903 14.1922 15.5784 16.1166 12.3606 17.3453 16.9884 16.1371 15.2878 16.3043 14.1903 17.1863 16.7541
15.451 14.777 16.953 15.0907 17.2778 13.5001 14.3309 14.7419 15.634 14.3278 13.6083 13.2172 16.2161 11.9461 16.0967 15.0968 11.5434 16.8694 15.1655 14.6096 15.5269 15.6331 14.7513 14.7582 14.8373 15.1318 16.4533 15.5326 14.9984 13.8217 14.6799 16.1319 15.1922 16.0231 14.2105 15.4673 13.9321 15.3542 13.4288 15.0315 14.5138 14.8393 13.1384 14.3976 16.0877 13.5836 14.5547 14.1827 13.6617 12.9985 14.169 15.0506 14.4682 13.6288 14.9852 12.3353 15.7524 15.9796 13.8922 15.14 13.9248 13.0981 16.2553 15.1355
18.3759 18.7558 20.7253 18.8787 19.6559 16.3141 18.424 17.0741 19.3817 18.5187 17.0664 17.9467 18.638 15.0588 19.2044 18.791 14.2222 19.8902 17.1858 19.7287 17.5872 17.1377 18.3671 19.8159 17.6478 19.1803 21.2134 19.0083 19.6572 17.3703 16.924 19.7784 19.0967 20.164 17.4939 20.7995 18.2959 19.1909 17.5057 18.1607 19.2384 19.2153 16.8311 17.4575 20.8563 18.2481 17.4165 16.7139 18.5031 17.7435 17.5571 17.9703 17.9669 17.7672 18.3172 16.0522 20.0991 19.6342 18.9787 18.9671 18.4597 16.6017 18.5526 18.696
15.4947 14.4014 17.6842 14.7795 18.0094 13.6157 15.6338 15.4642 16.6663 15.7857 13.1016 14.2524 14.6202 12.4936 14.9708 16.0226 11.9402 16.3812 15.3145 15.6975 15.6275 14.2867 15.1719 14.311 15.0325 15.7518 17.2893 16.291 15.5123 13.4131 14.6661 18.1765 16.0783 16.4434 14.3789 16.9474 14.4392 15.2285 13.3396 15.5909 15.895 15.1168 15.0047 15.0955 15.3566 13.5436 14.7248 14.1156 15.321 13.8357 14.7204 14.8774 14.7033 16.2455 14.6598 12.9265 15.4092 15.2317 15.9863 14.9044 16.4993 11.7468 15.7428 15.1786
17.5124 17.5224 18.3718 17.6019 18.1104 15.1695 17.4727 17.7404 19.07 16.3962 15.4924 16.1209 17.7811 13.1075 16.0439 18.0336 12.4366 19.3825 17.083 17.6111 16.9772 15.4126 16.9947 17.4518 17.821 17.6881 19.6437 18.3224 18.218 15.9201 16.6307 18.3905 17.5638 18.4768 14.676 18.6432 15.958 17.1094 14.5832 16.842 18.246 15.0882 15.7708 15.9789 18.1481 15.9043 16.9762 15.9551 16.6961 14.7242 15.0382 17.5406 16.7068 16.8627 16.17 13.97 17.1572 19.2214 17.0931 17.5085 17.5971 15.1746 16.3547 16.476
16.3278 15.4336 18.2755 14.2681 17.3446 14.1787 16.3185 15.8482 16.7933 15.6471 13.9442 15.7954 15.4626 12.9656 14.6434 17.1087 11.4614 16.607 14.5558 17.7243 14.9653 14.33 15.5119 15.9702 14.2161 15.439 17.6931 15.8059 16.1329 12.6355 14.2249 17.7521 16.0579 16.3875 14.6288 18.2572 14.5325 15.845 13.572 15.7049 16.8789 15.1058 13.8751 14.1794 16.9447 16.2004 15.9611 15.1271 16.6677 14.002 13.1777 15.5315 15.5105 16.4555 15.1078 11.7494 16.0828 17.1009 16.4634 16.1057 17.4532 11.873 15.9398 16.018
16.5939 18.0263 19.4864 15.9291 18.345 16.5828 17.6921 17.8295 19.3155 16.656 15.5743 16.947 18.2862 14.6549 16.0094 19.0185 12.0617 18.268 16.8286 19.3033 16.9143 15.6126 16.8549 17.4129 17.1956 16.8372 18.2361 17.4872 17.2755 14.6291 16.837 19.4162 18.6697 18.7655 15.2254 18.7854 15.2031 17.2214 15.4197 18.6529 18.6863 16.4611 16.5691 15.5175 19.0284 16.5262 16.861 15.7191 19.7447 14.8483 15.6948 17.8528 16.8853 17.8477 16.5497 14.015 18.2541 20.6731 18.3904 17.3899 18.9488 14.5945 15.1001 16.8514
14.4102 15.5097 18.6739 14.7678 17.7906 13.939 15.8115 15.2151 18.3069 15.6416 14.7041 15.2216 17.5808 13.7272 15.8534 17.5347 12.0715 17.1058 16.2188 17.0897 15.8522 16.7283 15.7098 15.7585 14.9589 15.5557 17.211 16.489 15.5065 14.503 15.5428 18.0407 16.2392 17.4536 13.8262 15.7454 15.4724 16.9918 14.7027 17.5707 16.3745 15.1332 14.3843 13.9906 17.2054 16.1932 15.0127 14.3687 16.9589 14.2218 15.3289 15.2402 15.561 13.2834 15.1873 12.6202 15.2522 16.7654 16.1395 15.1876 15.2072 14.264 16.9958 17.2615
14.4008 13.6698 17.0674 14.7081 16.6057 12.7666 14.8451 14.4743 15.6007 16.4959 13.5516 14.6145 14.6257 12.3704 13.812 16.193 10.9248 16.5906 14.0069 16.6195 14.008 14.2346 15.3486 16.9716 15.5251 14.8363 17.7139 15.1977 15.5555 13.5149 13.0364 16.5961 16.1339 15.6254 12.4328 15.743 14.2034 16.0003 13.6932 15.6694 15.5832 15.1898 13.7562 14.2127 16.4121 14.2885 13.7828 13.3317 15.7063 13.488 14.5521 15.2095 14.8764 15.0598 14.1481 13.7039 16.1447 15.6293 15.3377 14.1553 13.5442 13.9957 15.5484 15.1496
14.9856 13.5887 16.3082 14.2741 16.1263 12.8165 14.7505 13.7396 16.8712 15.1857 13.1542 12.685 14.2868 12.3889 14.085 14.9665 11.4687 15.7301 14.5686 14.1577 15.8083 12.9988 13.7029 13.4922 15.1553 15.0903 15.2743 16.364 13.4852 12.5527 14.1604 16.5329 15.7669 15.5278 13.2745 15.4672 13.8238 14.8313 13.3134 13.9449 15.1554 15.3826 14.2476 13.1999 15.0271 13.6641 13.6731 14.3386 14.4088 13.3489 12.8055 13.9872 13.337 13.1738 14.1396 13.1671 15.1166 16.781 14.8316 15.5822 14.6936 12.7039 12.9943 14.2841
17.272 15.708 18.1618 16.1762 18.3732 14.9426 17.0562 17.1073 17.2089 16.9799 14.1648 14.8963 16.2273 15.2258 15.7319 17.8211 12.2096 18.6301 16.191 17.2366 15.8345 16.6821 15.4294 16.907 16.9302 16.4007 18.4022 17.1227 16.6201 15.8175 16.1702 18.366 17.3603 17.6095 14.4294 18.6153 15.6239 18.0629 14.5122 16.7526 16.6742 16.6235 16.0452 16.6024 17.4563 15.65 16.5332 15.4069 15.7784 14.7574 14.4385 16.4803 17.1443 15.639 16.3028 13.8097 17.7688 18.5765 16.8882 16.2535 16.3925 14.5404 16.6319 16.284
15.9334 16.1862 18.0859 15.1519 18.8522 14.9968 15.8759 16.3092 18.1628 15.9392 14.5185 15.1294 16.8029 13.4546 17.3805 18.0255 12.2291 18.9171 16.7149 17.7466 15.0911 15.5198 15.2686 16.9776 15.8196 17.1401 17.7189 16.4581 17.0381 14.7627 15.2082 18.3547 18.0798 17.5655 14.9016 17.2809 15.5154 17.0352 15.1122 16.3254 17.5927 16.5158 15.3629 16.2193 16.709 16.0372 15.6746 14.6244 16.9691 14.247 16.1558 16.8818 16.3673 15.7756 15.0945 13.3264 17.0824 19.1954 16.9688 17.0447 17.0387 13.77 17.3578 16.6475
17.0583 16.6046 19.1923 16.9683 18.4088 13.9008 15.9751 17.2934 19.9847 16.5756 15.2254 14.875 16.7282 15.0462 17.8391 18.1001 13.3464 18.7661 17.6588 16.3057 18.0492 15.4693 17.1386 16.0363 17.5098 17.397 20 18.5102 16.3635 15.2599 16.486 19.3675 18.4084 18.4564 15.3569 18.8931 15.2619 18.4664 15.3631 18.0422 18.4185 17.1522 16.5205 14.7255 16.8959 16.601 17.0137 16.0712 16.4025 15.6407 15.324 16.9798 15.8681 16.3276 17.0101 14.6569 18.8887 19.3538 15.2996 19.1822 16.5576 14.7877 18.2156 17.4554
15.577 15.259 16.9801 16.3103 16.1413 14.0632 15.1292 16.4424 17.6594 16.2172 14.6986 14.9111 16.4843 13.3344 15.0933 16.9875 12.2956 16.5808 15.0272 17.9034 15.3218 14.2389 14.9058 17.1979 16.895 15.928 17.7337 16.6082 16.8249 14.0889 15.1475 17.7959 17.2335 18.2137 14.133 15.4607 13.8619 15.6827 13.995 16.7249 17.0205 15.5988 14.262 14.2276 18.1328 15.4098 16.6922 14.9887 16.7184 13.5669 14.3187 15.7731 15.6567 16.4709 15.1286 13.5393 17.3558 18.268 16.5712 14.6148 15.752 14.458 14.7936 14.9524
13.7572 14.6362 16.1978 12.8744 16.9045 11.937 14.7069 14.145 14.6331 14.299 13.4851 13.519 15.1598 11.2053 13.6242 15.4528 10.5139 16.3883 13.9167 14.3501 13.7013 13.5418 13.6214 14.6094 14.8528 15.1919 16.5086 14.7321 14.6326 13.0932 13.2413 16.0242 15.4431 14.7981 14.1649 15.5533 14.0645 15.1963 13.1462 15.2172 15.5221 13.9463 12.8462 14.4977 16.2711 14.0457 15.0284 12.8278 14.3481 13.1348 13.4109 15.5765 15.1067 14.7898 13.8603 11.6787 16.2318 15.8402 13.2727 14.0214 13.4801 12.25 16.8695 14.0931
17.738 17.9434 18.1101 16.6684 18.8569 15.2828 16.3248 15.8867 18.8675 16.2571 14.965 16.9993 17.7186 13.6538 17.4101 16.8442 12.1849 20.2027 16.7009 18.7682 16.5061 16.629 15.5733 17.2197 17.9806 16.93 18.6746 17.1588 15.829 15.6236 15.9481 17.8301 17.1365 17.8699 16.2759 18.2534 15.9153 17.0563 14.3852 17.7278 18.2589 16.5724 16.0655 16.2759 18.6148 17.0783 16.6434 16.2175 18.1778 16.2862 16.9844 16.6326 16.9558 15.1263 15.5822 14.4067 18.3117 19.125 16.491 17.4701 16.417 15.916 16.5039 17.0176
15.8202 15.4466 16.7558 13.9178 16.5158 12.6923 13.7231 14.8747 17.5118 14.5647 13.0173 15.4822 16.4916 11.8475 15.2187 15.254 10.322 16.8653 15.0954 15.1674 13.775 14.5292 15.6819 15.9133 17.2762 16.4366 18.1983 15.4493 15.5164 13.5711 14.6608 16.5785 14.8899 16.4787 14.9972 16.9077 14.0613 15.9256 14.2674 14.9896 15.8729 15.6108 14.4763 14.1057 15.6945 14.7626 14.5438 13.8763 15.7786 13.5555 15.1215 14.5055 13.9597 15.7519 14.1721 12.4277 17.0133 17.5666 15.8257 16.2009 15.3496 13.9214 16.0614 15.195
17.6557 18.032 19.3898 15.9092 20.0499 15.3362 16.4997 16.231 16.6408 16.6471 15.4174 16.9833 17.9388 13.9447 17.0973 18.1943 13.4376 19.2138 16.4957 17.9094 15.6211 15.6099 17.3863 17.1194 16.7677 17.3767 19.8718 18.9787 18.64 15.3086 16.263 17.8918 17.0367 18.2752 16.1303 19.2157 16.5485 18.7356 16.7262 18.9395 18.5537 17.1906 16.0116 16.4663 18.9318 17.058 16.9339 15.7573 17.2805 15.153 17.0458 17.3288 17.1329 16.401 17.2503 13.8304 18.5627 18.6729 16.0302 17.5293 17.6091 14.4281 17.9987 17.2537
12.74 12.8448 14.4694 14.0305 14.5375 10.9068 12.7424 13.3899 13.9197 14.0332 12.3901 10.8928 12.214 11.7022 12.4731 14.3115 11.2266 14.0573 13.2459 13.7916 13.2357 11.9687 11.8722 13.4494 13.8872 12.8229 15.1815 14.0397 13.7491 11.852 12.0441 14.5747 14.586 13.991 12.6626 13.4916 12.6807 14.4602 11.4655 13.5953 13.1732 12.9671 12.2173 12.2649 13.7191 12.5152 12.4846 12.3129 12.9486 13.4636 13.0572 14.1504 12.4704 14.0622 11.7414 11.8122 14.602 14.9608 11.9074 12.1059 13.0203 11.8472 13.558 12.6561
14.9702 16.4951 17.2955 15.6324 16.8383 14.4212 15.5021 16.2883 18.2795 16.5644 14.5309 15.9302 16.6017 13.683 15.7577 16.9206 11.8779 18.9947 17.3315 17.3827 16.135 14.1635 16.9676 16.7794 17.2163 17.2281 18.8664 17.4327 15.8579 14.2828 15.5222 18.5058 16.7478 17.853 14.7753 18.8087 14.4753 18.1103 14.9002 16.4566 16.9494 15.3761 15.1632 15.7062 16.7463 16.2142 17.191 14.995 16.3903 14.9916 14.993 17.2972 16.9692 16.5276 15.88 14.5636 17.2841 18.6771 15.9305 17.4444 15.4329 14.6274 16.5418 17.1295
14.8348 15.188 16.3266 14.7453 17.7005 13.4529 13.9708 15.1858 15.53 15.111 12.7379 14.115 16.1745 12.8598 14.8579 15.0949 11.5011 16.0995 14.4972 15.0351 15.0228 14.6206 13.8331 15.8974 15.0888 14.5125 17.2382 15.8541 15.0122 13.2606 14.3881 15.9858 15.3715 17.0508 14.5025 15.8705 13.4375 16.1698 13.1278 17.0129 16.3441 14.2737 14.1504 13.6616 16.3068 14.1815 15.0912 13.144 14.7602 13.9157 14.1901 14.8607 13.7941 14.7117 14.0764 11.4636 16.0748 15.2064 14.3704 13.8357 14.9956 12.7348 15.3808 14.0316
16.7956 15.7107 17.3621 14.3298 16.523 14.0124 13.9691 15.2899 16.9215 15.6338 13.2116 15.4036 16.8546 12.4575 15.0163 15.9692 12.2026 16.5496 15.5598 16.0869 16.4989 14.7313 14.2268 15.8415 15.4927 15.5678 17.7881 16.0623 13.7262 14.687 15.2184 16.9795 16.7687 17.518 15.2762 16.8897 14.331 16.1198 13.9571 16.971 16.8297 15.4157 14.3242 12.7434 17.4204 16.5377 17.4276 13.5151 16.541 14.3939 13.76 14.6715 15.4268 15.3608 14.8473 13.8479 16.8719 17.2295 15.537 16.2853 15.2979 15.3052 15.8752 16.6095
