0
64
64
0.4307 0.2137 1.5804 -3.4220 0.3574 0.7574 0.6033 0.0432 -4.1926 2.2904 1.5141 -3.4140 -0.0608 0.2936 -4.3030 5.8947 -0.2919 -0.4323 -0.3385 4.4422 2.0578 -2.5854 -4.2919 -5.6038 -1.4737 0.4910 0.2634 -7.3673 -1.1973 3.2944 -1.5058 -0.1104 -0.0090 3.1960 -1.6723 0.4535 2.9207 0.0740 1.2340 -4.0618 5.7435 -1.6512 -3.8720 -3.1696 3.0893 0.5486 5.3215 0.7568 0.2073 6.1315 2.8812 -3.6854 -0.6262 -0.7164 0.4470 0.3854 -1.7116 -4.5659 -5.3877 0.4957 3.5450 7.3736 1.2076 -4.2486
-4.4889 -2.2444 -2.0979 -6.3872 0.9921 -1.1772 1.5840 -1.7238 -0.3682 -3.0735 5.3788 -3.9131 -2.0898 1.2125 0.6612 -2.6983 1.0456 -1.0105 -0.0048 -1.2411 1.7854 0.4515 3.1132 0.5985 -1.8037 -2.8280 -3.4816 -2.4729 1.5051 3.3344 4.4680 5.2394 4.6953 -4.7374 0.6136 -2.5852 -2.0353 -0.6021 -1.4535 -0.9080 0.4987 -0.3065 -1.7352 3.7009 4.1207 -3.0125 0.8962 2.7577 -3.7588 3.4466 -1.4852 -2.4139 -1.2651 -5.0292 -3.3221 -2.6972 0.0645 2.8552 1.5584 -0.6612 0.7175 0.5377 4.4143 -2.7370
2.0008 0.0741 2.1152 -1.6644 -1.0226 -2.8855 -4.1510 2.5419 1.7154 -4.1059 0.6485 -2.1946 -1.0891 -4.6293 -4.3621 1.5981 1.8457 1.4106 1.5219 2.6303 3.4145 -0.6548 -1.9458 -4.1532 -3.2918 0.3175 0.5446 -0.9953 -3.2832 -0.2811 -5.0284 2.0506 0.8852 -2.0119 2.6364 0.1894 -0.4731 2.1370 -1.2305 2.0802 2.5550 -1.5554 0.0808 -2.6104 -0.3968 -0.6920 3.4328 3.1205 -0.1274 -2.8360 -0.2152 -1.0397 -2.0713 1.8041 -2.3144 -1.7552 -4.4058 2.0598 -1.7759 0.9895 1.1444 1.8181 -0.2716 0.8971
2.3752 -0.6862 1.5385 1.4953 -3.5148 -2.2552 -0.3134 -2.5486 1.1455 1.1278 -2.1145 -1.0066 0.5973 1.6320 -7.2843 -1.2483 6.0524 1.5472 -0.0159 3.4399 1.0834 -2.5879 -1.7038 -0.9190 -0.9444 4.5396 -3.4805 -2.0925 0.7561 -5.2195 -2.0727 0.3558 -0.9644 1.1874 3.6139 0.0652 2.0026 0.8981 -1.5675 -1.7483 1.3435 -1.6041 -6.4678 -0.4100 0.0285 0.1169 2.9290 4.4742 0.3418 -4.6099 -4.3890 0.7186 -5.7409 1.0382 -0.6884 -0.3644 -0.2355 -2.9044 -2.3708 4.1587 -2.8947 6.6290 1.5561 3.6622
-1.3856 -2.8524 -1.5437 -2.6218 2.8348 2.2725 2.1961 -2.5198 -1.1694 -2.5322 4.1012 1.5339 2.5125 -1.2571 -2.2946 0.5263 1.1424 2.1369 1.0578 -5.1358 2.3931 -1.2270 -0.2432 -5.4521 2.5938 -0.7155 2.3986 0.4016 1.4831 -0.3163 4.0886 1.5027 -1.7789 2.3334 0.9385 -3.2854 0.6825 -0.3371 -3.3465 0.6928 4.3831 -0.1214 -6.5721 -4.1688 -1.4824 -0.5753 0.3981 -1.6478 0.2313 0.1144 0.4075 0.2851 -2.1765 -1.2074 -1.3409 -1.1797 0.5554 2.2932 -0.5998 -4.1447 -3.2353 0.6580 0.4629 1.1239
0.7495 -2.2853 -0.2815 2.1368 -2.8430 0.9333 -4.6411 -1.4660 1.4050 2.5680 -0.6968 2.2605 -2.8982 2.1550 3.4689 -6.7095 -4.2369 4.0168 1.9359 2.6287 -3.9252 2.3642 2.2055 0.9043 0.0334 3.3932 -2.1192 1.4704 -4.1819 -2.4997 -4.4027 -3.0827 -6.4899 -1.9912 0.3425 -1.0826 -3.9185 3.4139 -0.7614 1.8000 -3.0390 -0.4855 0.9452 -5.3808 -2.3701 3.2614 -7.1715 -2.2973 0.4682 -2.1813 -0.6382 3.3369 -2.8066 3.4450 -0.3259 3.5192 1.2525 6.3839 2.5556 -5.3068 -3.2480 -3.4156 -2.1036 1.0474
0.3441 1.8386 -3.4703 1.0747 -3.8018 1.2675 2.6787 -2.5782 -1.9097 -0.4658 -1.3684 1.4291 1.9687 0.4047 1.4876 -2.5090 -5.4361 0.1512 2.6463 1.9707 -2.3523 -5.0587 -2.5755 0.5312 3.0406 2.1059 0.3949 -2.2516 -0.7470 0.3934 1.0143 -0.0877 -4.7117 4.9321 2.0748 1.5926 1.9547 2.5989 0.9762 1.3988 -5.5268 -0.4502 0.3074 -0.2771 -0.9677 0.9806 -5.1088 -0.1925 1.0144 1.6270 -2.8027 2.1613 -2.1115 1.7949 -1.2160 -1.0658 1.5222 -1.6180 -1.1043 4.3408 -3.3031 -1.4308 2.2446 0.3063
-1.3699 -0.6652 -1.1939 1.2047 2.9890 -1.4592 -1.5221 0.5825 -3.1334 1.1479 -2.3308 -2.0484 -3.2613 5.4536 -0.3121 -4.1875 -0.1746 -1.4920 -3.8103 -0.8712 -0.5613 1.1699 -4.0845 6.6793 -3.2564 1.0830 -1.5159 -1.5539 0.3497 0.6143 -0.3171 -2.6168 -2.1917 -1.8949 -3.1123 1.2232 -2.7377 1.7207 -2.8556 -3.8407 1.0476 -2.4408 -0.1278 -2.0729 -1.5631 4.0354 3.2571 -3.0015 -0.5409 -2.0324 -1.2356 6.7999 -1.0369 1.0428 -0.8358 4.5811 -1.9311 -1.7060 -1.3608 -7.0220 -1.5784 3.6300 -2.0224 3.5298
-2.8513 -4.1917 1.6512 0.4143 3.3866 0.8853 4.6785 -1.0589 0.1815 0.9209 4.1921 -2.8111 -0.8281 3.8012 0.7430 -2.2548 2.8682 -7.1891 -0.5665 -3.2260 -0.9666 2.9213 -1.9753 2.3873 -2.7489 0.0299 -2.9185 -0.2926 6.3280 -4.8082 -0.9000 -0.9470 -0.9698 -2.2760 2.1935 -1.9623 -3.2719 -1.2179 2.2373 0.4702 -0.4101 -1.8910 -0.6781 0.9348 -3.6486 -1.4513 -0.4520 3.7975 -5.1405 -1.7558 -1.6288 1.4503 -1.0306 -1.7211 -4.4692 2.2478 -2.9156 2.2692 3.1846 -1.1978 2.6513 5.2501 0.7150 3.9732
-2.7025 2.6773 -3.1162 1.2160 -1.7766 0.1904 -2.0882 0.3972 -2.3540 7.4234 1.5939 2.6175 -3.7486 -1.4786 -2.6629 1.1882 -2.5754 -0.5651 0.8636 1.0910 -1.5974 4.3221 -2.1121 -0.6506 6.3266 -4.5673 1.0538 0.5294 -0.5312 -5.3866 -4.3800 0.4671 -6.4356 2.6705 -1.8005 -2.0886 -2.1435 -0.7617 1.0026 -2.4844 -4.2437 1.5507 -2.9591 -3.5617 -3.1428 2.7135 -5.1398 3.8327 -0.1349 2.0764 -1.6248 -1.4826 -3.5931 -1.8297 4.0703 -2.8730 4.2024 4.0978 0.1257 0.2460 -0.9808 0.6262 2.1622 -3.0879
0.9539 2.0988 -0.8483 1.4243 -1.4467 -2.3571 -2.3870 0.4222 -0.3642 1.1307 -2.5501 -2.4953 -0.0396 2.7977 0.0404 -4.7607 0.0543 6.8484 -3.9571 2.1043 1.7670 -0.4984 2.1339 3.0544 -1.2336 -0.4859 -1.7411 2.6469 -1.8170 -2.5023 -1.6154 -0.0536 -3.9651 3.6072 -2.7024 0.1730 1.6997 0.5879 -4.7700 0.3697 1.0478 1.6296 -2.9988 -1.7146 0.5001 4.9182 1.9266 0.8279 -2.0191 1.1445 1.5535 5.5042 -1.4311 -1.3569 2.0114 1.4557 -4.9734 -3.9044 -2.3517 1.8070 2.3882 0.8518 0.9626 2.7926
1.3265 -0.9891 -2.3633 2.8818 1.3208 0.8060 -1.5216 3.6577 1.3342 0.4253 4.0132 4.5723 -1.5836 -1.0543 -2.6344 1.1355 1.0115 2.9326 -1.3227 3.6122 1.0417 -2.7761 -0.5538 -5.8872 -0.0363 1.4312 8.4596 4.0283 -1.1204 0.5111 -0.0562 1.9997 -0.3980 -0.6973 -0.1253 1.2240 0.2706 0.5506 0.7998 1.0747 1.3267 1.6807 3.0738 -1.5296 -2.1338 -2.4634 1.9237 -2.4940 4.9974 -1.3806 -0.3835 0.4982 -1.5127 5.8265 -5.8400 -1.9355 -1.1487 -0.5520 0.3821 -2.1669 1.2191 -1.7219 -1.8881 -0.2597
-5.8436 -3.0382 -2.6471 2.0399 2.3569 -0.5293 0.7363 -0.3201 -0.9819 -3.3642 4.1831 -1.2875 3.2443 -1.1802 2.6277 1.0237 3.3200 -3.4912 4.4634 -2.6745 -0.9495 -1.8679 -3.3812 2.1177 0.1519 0.0625 0.1910 0.6807 3.0169 0.6293 1.3400 1.8238 -2.0321 2.0373 4.2551 -1.6793 -0.8036 1.0426 -0.5988 -3.4846 0.8921 1.2245 -4.4026 0.3679 1.5351 0.6019 0.0171 -3.1645 -0.0208 -1.4884 2.9804 0.1201 0.0344 2.0866 -5.1894 -3.0978 -0.1025 2.6281 -3.6758 -2.0720 3.6162 -3.2880 2.5925 -1.6306
-0.6633 -1.5187 -0.6973 2.6463 1.5353 -2.8277 -2.3108 1.4444 -1.1560 -3.7520 0.6438 4.6886 3.4818 -1.8854 3.5725 -3.8196 2.9137 5.8890 0.9978 3.1152 -1.3245 1.5056 4.9800 1.5670 -1.9325 -0.6092 -3.0646 5.1806 -4.2896 3.2712 -6.0311 0.1584 0.3974 2.5033 0.0685 0.7480 1.5658 -0.6252 0.5062 -0.3496 -3.5892 8.3548 4.6228 -1.5246 -4.3988 -5.5054 -5.6738 0.6316 2.9098 0.4139 1.5292 -3.3456 -1.9212 0.8792 0.8557 -1.8739 -3.2076 -2.6291 -2.9597 6.5823 -1.7112 -5.4610 -2.1547 -0.4142
2.2303 -0.4967 -3.3033 0.0142 -4.6114 -8.3563 0.3573 1.1013 -5.4089 -3.2154 2.2907 -1.7578 -3.7984 -3.1570 -2.1874 -2.7978 3.6364 -0.5907 -0.4758 1.4908 -1.6817 1.3681 0.5424 0.1840 -1.3306 4.1418 -2.1160 -0.2596 -1.8428 3.6273 -4.8281 2.2851 0.5711 -1.5021 -0.4203 -2.6162 0.1972 -0.2435 -0.0788 1.9458 -2.7255 5.9320 1.9246 -1.3632 -1.9327 -0.9008 -2.7222 2.9273 -1.3284 0.1649 -3.0714 -2.0361 -2.8259 3.1867 4.9443 -2.0332 -0.1256 3.0964 -5.1109 2.4984 1.8744 1.5939 -3.0672 -1.6381
-4.9254 5.5031 -1.2487 3.7065 2.7529 -0.5904 -3.1026 -0.0897 -4.5790 -0.2358 -1.0256 2.2779 3.0866 1.1898 -1.1391 -4.2775 2.6338 3.8045 -2.0316 4.0886 -1.4566 1.7210 -4.7041 -0.9895 4.9713 0.8850 1.8878 4.7407 0.7303 2.0719 1.4189 1.9591 -3.1133 1.8906 -3.2635 3.6132 -0.6786 -1.0975 7.4305 2.7037 -3.0480 -1.3251 -3.5498 1.7316 -0.3382 2.2625 2.2320 -0.7374 -1.5884 -1.3534 -1.6560 1.0655 -0.9881 -2.2850 1.2296 0.9790 -3.7000 -0.4001 2.5179 1.1596 -0.6824 -2.1103 5.6100 2.9271
-2.4183 -0.2677 -0.4889 3.1350 -0.6998 4.1312 -5.3344 -2.0748 3.7020 2.0327 -2.7459 -1.8017 5.5274 2.5581 7.5901 -3.1118 0.2511 -2.5293 3.1683 -1.4712 -0.4483 -3.1021 1.2533 4.8906 2.0212 -0.7022 1.8126 -2.2416 4.8509 -6.3019 6.4990 -5.0257 0.0068 3.5415 3.0495 4.6893 -2.5581 0.2061 5.0848 -0.8532 -0.7219 -7.7093 -0.8960 0.0315 3.4881 -1.9984 -0.8243 -2.9760 0.9378 1.1899 -1.1514 6.5142 4.8574 -0.5708 -4.4551 0.5045 1.9325 3.1277 2.7020 -3.5737 -2.3146 -0.3123 -2.1131 -0.9072
5.1481 1.6459 2.3905 0.1894 -1.1772 -3.4899 0.8538 1.1287 2.4844 -1.8848 -0.8878 2.4644 0.2125 1.2964 -0.2726 -2.1529 1.2373 1.6184 0.9394 -1.7999 -0.9104 1.4367 2.7672 0.4189 1.4574 0.9500 0.9111 2.7415 -5.9747 0.9448 0.8802 1.4966 4.5123 -1.1987 -0.8581 0.8713 -0.4190 2.3164 1.0760 3.1788 1.4389 2.6753 0.8434 0.6064 -4.3624 0.6238 1.4503 0.3388 2.6211 -4.0934 1.2351 -1.1092 -1.9873 1.3240 1.1915 3.6912 -2.1765 -0.7106 1.1981 1.8308 -2.3605 -3.1198 0.1671 3.3451
-0.2501 1.7804 -4.5017 8.0426 -3.7580 0.3067 -3.4445 2.0193 0.9005 1.7742 -0.6745 3.1101 -0.9016 -0.0937 0.4266 -0.1628 -4.0262 1.5523 -1.5839 3.6328 -2.5175 -0.4951 4.1531 -0.2130 4.5432 -2.5630 5.9824 0.2989 -2.9636 -0.3411 3.4130 4.2240 -0.1883 -1.5661 2.8219 0.2880 3.7444 2.3850 -2.4968 -0.3108 -2.9802 -0.8910 0.0934 -1.6636 3.4818 2.3541 1.0727 -4.4385 -0.5782 2.1948 4.9592 -1.3843 0.1353 3.0858 -1.1937 -3.3735 1.1659 0.1806 -0.9326 2.1889 -0.3517 -0.5629 2.5421 -3.1682
-4.5180 -2.2324 -4.5488 -3.3097 -4.5246 -2.5319 3.8486 -0.4076 0.1931 0.3235 2.4051 -1.1661 -1.4632 0.0719 -1.8419 1.0830 1.5985 -2.3502 3.5069 0.1775 1.2656 -2.3135 -4.5159 -3.8362 1.5302 -1.6790 -4.3013 -1.5483 1.7227 0.9873 -2.4148 5.1425 0.6703 -3.6262 2.3235 0.6325 2.3115 -0.4349 -2.0315 -0.9893 3.4429 -1.6642 -4.1752 2.0661 1.3107 -3.0474 -2.4650 -4.1276 1.0178 -3.0243 -1.7224 0.3989 -4.3934 1.3328 -1.9399 -0.9083 0.6482 0.8516 -2.5249 -2.1828 -3.0639 1.2056 1.4407 3.6592
-0.6315 -1.8267 -1.6145 1.9086 1.1399 -0.2936 -0.4478 -0.4557 0.7058 -2.7774 3.1687 -1.9796 -1.6230 1.4416 1.1215 -0.5330 0.3830 1.0922 1.8177 0.8643 0.4962 -2.1424 1.0472 0.1967 -5.6529 -2.4111 3.7508 -2.2342 1.4021 -4.5415 3.5190 -1.0994 2.3896 2.3147 0.0054 -5.2959 2.2673 -1.8911 -0.1782 -2.0821 1.4646 0.3136 -2.9940 -6.7925 -4.5883 -0.2940 1.9788 3.4323 -0.1253 -1.6484 0.6721 -2.7265 -4.9800 2.0879 -2.4867 -1.0369 5.4431 0.9462 -5.0822 -1.7708 2.2555 -0.4905 -0.1206 -3.6886
-0.3607 -0.1636 4.3136 -4.9874 -2.8136 -0.2707 -0.4880 -2.3853 3.7014 0.6373 -2.5761 -0.9800 -1.2936 -2.9989 -0.3653 2.1236 -2.8116 1.1014 -0.5104 5.5636 0.7393 -6.4380 -3.8812 -2.4152 -7.6333 1.1458 3.9039 -4.8789 -2.2506 0.9421 0.4579 -0.4417 3.0625 -0.6109 2.0067 -1.6224 2.1171 4.7922 -1.4382 -3.1186 6.8902 -1.5712 -0.2184 0.5649 3.4851 4.8148 1.1121 -6.1148 2.7884 1.2154 -2.0396 -3.1245 -2.0673 1.1010 -0.6898 1.9056 4.6195 1.4362 -2.9919 1.6360 0.4294 2.9376 1.0115 -2.2727
-0.3059 -0.7217 -0.0453 -3.3403 8.4039 -1.2586 -1.0249 -1.7791 -2.0252 0.0475 -0.9368 -1.7475 -3.7608 -2.5615 2.0770 7.5364 1.9498 -0.3617 1.4369 -4.0653 1.6662 -0.1983 -1.2517 -3.8750 -5.8080 -4.3163 3.7166 -4.2954 2.4865 2.7214 -0.4609 4.8153 1.4473 -1.2206 -2.8472 -0.2355 0.7885 0.3828 -1.3454 -2.2141 4.7930 1.1613 -3.2239 2.5632 2.0639 -1.8565 2.8261 3.0974 -4.6791 0.2778 -2.9406 -6.0696 -3.8160 -1.0679 1.8005 1.7850 3.1290 0.0528 -3.0951 2.0853 -0.0813 -1.2506 3.8479 -0.7950
-1.0560 -3.7595 1.7139 -0.0038 0.4186 -1.5480 -2.0055 -3.4220 -1.0345 1.0431 -0.8155 -0.3367 -1.5907 -1.3828 4.3734 0.4680 4.4692 -1.2875 3.7810 -1.8687 1.6528 -3.2481 2.6777 -1.1342 2.0469 1.4989 -2.1539 1.7324 -0.2773 1.9378 -4.1853 2.4946 -0.5885 0.3823 1.4317 -1.9055 0.9556 -1.8175 -0.2322 0.9097 0.9113 2.1297 -3.8352 2.8337 4.1015 -3.7712 -1.5075 1.5688 -0.4015 0.8070 -2.0878 -2.6256 -2.1584 1.9008 0.7709 -1.2766 -2.8264 2.1096 0.5999 -0.4024 -2.3675 -2.8559 -1.5505 -3.1521
0.6979 -0.4488 0.0365 -1.4293 2.8783 -1.3947 -5.9729 -0.2709 0.4588 -0.7629 4.6606 -1.8317 -0.0201 1.9042 -2.5174 -2.5229 2.6972 2.6613 0.1935 1.4192 2.8972 -0.5286 -2.0852 -3.5358 -0.6576 -4.7048 -0.5752 1.0896 -0.3295 1.4685 -4.5988 0.2112 -2.5554 -2.3669 -2.5339 0.0935 -2.0553 -0.4512 1.8013 -3.4125 3.2195 -0.8663 -1.9555 -3.2085 -0.9471 -1.2845 2.0473 3.2726 1.8595 -3.9667 -2.9713 -1.1241 -1.3908 1.0572 0.9650 -0.3648 -1.5290 3.6623 -4.5430 -2.8686 -0.1177 -1.7906 1.0748 -0.1500
1.4447 0.3673 -2.0939 -5.1520 -1.8237 4.6932 4.6565 0.5461 -0.9496 -2.9252 -1.7456 1.1040 1.7024 -2.5093 2.2267 8.5532 -2.1086 -0.1649 -0.1489 0.5320 0.7363 5.1031 4.3950 5.7271 -2.8787 -5.4960 -6.3063 -0.4875 6.5832 1.1946 2.5620 0.5624 -0.9714 2.2992 1.3703 0.4094 3.8222 1.1520 -3.8630 0.5469 0.2986 1.3513 3.3118 1.7328 0.8739 0.8118 1.2321 0.1950 -1.5675 4.0560 -1.6789 2.0608 0.9023 -2.4726 -0.4577 0.8326 4.4664 -2.3225 0.6812 1.6245 1.5242 -0.1301 -2.7591 2.8120
-0.5013 0.6062 -2.1451 3.8225 0.7104 -5.0540 -0.3565 0.5938 0.4199 0.0982 0.5673 0.7475 3.4317 2.6004 -0.5992 0.1071 1.5812 -1.0471 -1.4916 -0.6515 0.5238 -2.2023 -1.5251 0.4161 1.0652 -3.8409 3.3689 -1.0910 0.3940 0.3695 1.2083 1.8036 1.7431 0.3351 -3.3014 -2.1154 0.1930 -1.4515 -6.3732 -1.3669 -0.8246 3.0196 1.4028 -0.0901 4.2471 -3.5607 -2.2651 1.4738 2.2510 0.9632 0.4144 -1.4560 1.4856 2.3697 -4.8510 -1.8218 -2.1780 -2.1257 -1.0025 1.2953 4.1074 -2.5529 0.6665 -4.4798
0.1143 -2.2575 -0.7956 -2.1900 -3.7084 3.3524 0.7071 -0.0070 -2.2354 3.8064 0.0964 -0.0846 -0.2739 -1.8624 -0.8680 0.4167 -2.3471 -1.2995 -1.5003 1.6455 0.0313 -0.0180 1.1161 -0.5492 1.8781 1.6730 0.7459 -3.6494 0.0118 0.3458 -0.7632 2.4166 -2.0155 6.5142 1.8932 0.4770 -0.3146 4.0519 -1.9646 1.5967 -1.4450 -0.5187 1.7503 0.3207 0.7429 2.2709 -2.3450 3.2107 0.4372 5.6678 2.4609 -4.5854 -1.0517 -0.6955 -0.7936 -0.9871 5.2283 1.5116 0.2223 -0.7314 2.3025 -0.2415 2.2631 -4.1222
3.2067 -3.0168 3.6259 -0.7386 2.7169 3.4879 -3.1967 -0.6746 2.1846 4.6484 -3.3694 -3.4165 -3.8361 0.5497 -1.8943 0.5983 4.6141 1.1383 -0.8967 0.5477 -4.0114 -0.5989 -2.9055 0.8842 -2.5808 0.8879 2.3517 2.1418 -2.5017 -7.4974 -2.1169 -1.5738 -1.4779 4.1815 -1.6955 2.8444 -0.2562 1.8436 -1.3076 -3.2359 1.6721 -2.4520 -2.3711 0.8879 -0.0611 3.7120 5.1326 1.6106 1.7083 -1.3514 0.5678 -2.6674 2.1548 -2.2132 -3.0904 3.6273 -2.6665 -4.0823 2.0202 -1.3476 -2.8729 0.3522 2.6570 0.6493
0.5247 2.7246 -0.8939 1.1804 0.5474 -3.2480 1.2954 -0.5565 -1.7143 1.9230 1.0812 2.4434 -0.1061 -0.5973 -1.4379 -3.3947 -1.1063 -0.8195 0.8862 3.6892 -4.5106 -2.0068 -2.3447 -0.1326 4.0297 1.1976 1.7539 2.3927 -4.2469 1.2840 2.1534 2.1300 1.0417 -0.7859 -3.4846 2.8339 0.9969 -4.0707 0.6696 0.3653 -5.8676 4.3946 1.9920 1.6824 0.4445 1.0541 -6.1099 4.9855 0.6783 4.9717 -4.4419 -1.4050 1.7261 -1.0737 -2.0030 0.8238 -0.7420 1.1893 2.1803 3.8998 -0.1625 -4.8515 0.7707 -2.9806
-2.5604 1.2560 0.3061 -0.5432 -0.1557 2.4883 1.5831 -2.3631 1.6790 -6.7856 1.5674 -0.6510 2.6082 -0.9560 -0.7309 -3.3457 2.7170 2.6429 0.3690 -2.5692 -1.3435 -3.1256 2.5999 -1.8761 -0.6328 -1.7579 2.8225 -0.1840 -1.4012 -1.1075 4.5079 1.2207 6.4141 5.7645 5.2919 2.2939 1.8720 1.1595 1.2846 -0.8565 1.8193 -0.5961 -3.7118 -6.3165 1.0583 1.2646 0.3167 -2.0641 1.1674 -1.9836 7.3272 2.6794 2.8410 -2.1269 -2.6210 -0.6044 1.7059 0.2017 0.4232 2.3837 -0.3692 -0.9789 1.7850 0.3130
-0.7272 -3.9933 2.2068 -1.8549 0.0695 -4.3735 -0.9864 -2.5148 -1.6989 0.4123 1.3691 -2.0289 3.6562 -1.5191 -3.3432 -1.1740 -2.8142 -2.3011 1.9260 -1.3637 -5.4845 -2.7712 -1.0297 0.0240 3.3219 0.5654 -4.7248 -1.2364 -0.2145 -0.7123 -2.4131 1.1277 -3.1196 -1.9876 6.0557 -0.7717 0.8096 -2.5341 -2.7841 -0.0675 2.4685 1.0183 -0.0327 2.9038 0.0993 -2.6680 -6.8409 -1.1614 -0.4394 1.3384 -2.2827 -0.1632 -0.4244 3.5127 -5.9004 4.3939 -0.0325 1.4146 4.2300 -5.1945 -7.9501 1.6158 0.2382 -3.0403
-0.4974 1.6517 -2.3934 1.7021 -0.0921 1.6705 3.5425 2.8803 1.8843 -5.0951 2.0076 -7.8279 2.0433 -0.7862 -0.4200 -3.0085 -0.0116 -0.4768 -0.8563 -2.2249 -1.7403 2.9859 2.9297 3.8140 -2.7941 1.4271 -0.4877 -2.8217 0.9385 2.9372 0.5812 -3.5522 4.1356 0.7014 5.0571 3.0231 1.6522 1.4235 0.9739 1.8715 -3.7458 -1.8856 3.3671 -0.9078 -0.5894 -4.2935 1.5038 2.7257 -2.6686 2.7782 6.2531 -0.7592 2.8245 1.3696 5.5329 -1.7281 1.5972 -4.8729 1.3125 2.7648 4.9894 1.4316 -0.1808 3.6411
-1.7721 0.3778 -1.7265 -4.4398 -2.0465 -2.4242 -3.7896 0.1329 -0.9363 -3.4961 -1.2128 -1.3255 1.5265 0.6203 0.7641 -4.9308 -2.5645 5.4303 -4.0241 1.9377 1.8954 -2.5672 -3.6367 -2.3680 -1.1212 1.1125 -0.1309 -0.3986 0.7520 1.1535 4.0593 0.7527 0.9828 -0.5843 -2.9728 -1.1814 -1.6177 -0.6768 2.9981 0.5361 1.7318 -1.3733 -4.3944 5.6746 -1.6606 0.5244 -0.3563 -1.7860 0.1441 -2.8402 -4.2405 -1.1942 -2.5269 -0.3306 -2.6214 1.8902 0.5146 1.8156 -1.1151 0.4303 1.2943 -2.7532 4.5147 0.7883
-0.8730 1.6770 -5.3078 -0.4972 -0.1422 -3.6970 5.7488 2.3698 0.1275 1.7565 1.7477 -0.9497 -0.9555 -5.7141 -2.2443 -2.5661 -2.3737 -1.0545 -0.4611 -1.6436 -1.4135 2.6557 1.1711 2.9092 2.1341 1.0119 -6.0145 1.7747 4.2682 2.6069 -2.4295 4.0908 -3.0378 -5.3618 4.5002 -0.5004 -1.0837 3.4260 -2.3773 3.2920 -2.8279 3.7487 4.0151 2.9233 1.6886 1.4722 -5.1091 1.4931 -0.3722 0.4325 -2.9480 0.0509 1.4238 -1.6251 2.9224 -0.8723 -0.7980 2.5501 0.8897 3.4523 -2.1415 3.6254 -0.6879 3.7129
-1.5495 -0.1596 -0.4505 1.4280 -2.3665 -4.1386 2.3164 0.8292 1.5458 -0.7391 -1.6606 -1.3087 4.6904 -1.9541 0.6209 -5.4279 2.1325 -2.3060 1.5077 -2.0863 -4.4607 2.7440 1.1545 1.3472 -1.2468 0.5258 -8.0673 -2.9445 -0.8495 -2.4696 -3.1694 -1.3221 -4.1782 0.3679 2.4293 0.8932 0.7438 -2.2428 -4.8934 -1.1484 1.5319 -1.0478 -2.5927 0.0238 3.8527 -0.7628 -5.1295 0.0670 0.0313 -2.1424 1.3692 2.1664 -2.3646 4.3959 5.6955 4.7156 1.6849 1.6523 0.7705 -1.2426 -1.6881 2.6568 -2.4603 1.5927
-0.4375 -0.8004 -4.1469 1.7281 2.4595 5.2035 -0.3300 2.1723 -3.2678 -1.6278 1.0495 2.3389 7.1203 -3.4795 1.6911 5.1232 -3.8817 0.0747 3.7971 -3.1246 1.5603 2.6111 -1.9397 -0.2177 2.9671 1.1778 -1.8542 0.6250 4.6004 -2.5404 3.4539 1.5983 -6.4794 0.6045 -4.3670 -1.6922 2.0139 -2.6483 2.5388 6.4913 0.0253 -1.8514 -0.6493 3.6239 -3.4964 -1.7898 -0.5268 1.2781 -2.0543 -1.1884 -5.5430 -0.4318 -2.2609 -1.4915 -1.1465 3.9646 1.6729 -0.6144 1.2939 0.6374 -2.7202 1.1015 3.0922 1.4340
0.4635 -0.0716 5.8432 3.3056 2.5869 0.3649 2.9740 0.4543 -2.9013 -4.7303 -2.3564 1.5707 -1.6674 -2.1182 -2.7258 5.2432 -0.1026 -2.2852 2.1552 2.0544 1.0025 -0.4112 0.3532 0.1366 -3.5721 0.6828 6.0444 -1.3350 -2.8063 2.1041 -1.2241 4.2016 2.2058 3.9741 -0.9106 1.2589 2.1759 -0.7629 -1.3403 2.6458 -0.1939 3.7587 2.3512 -4.6658 -0.9361 1.8345 1.8133 2.1369 -1.9864 6.8620 4.5626 -0.1691 3.4694 -2.9819 -1.0052 -1.8024 -2.7427 -0.2453 -1.7623 1.8635 3.0938 3.4986 -2.4182 -9.7444
-4.1302 -0.0483 0.2441 -2.4140 2.2383 2.8253 2.6872 -0.6480 -2.7607 0.5719 0.2819 -1.0956 -1.8970 -3.2347 0.7472 1.6944 -5.4368 -2.6460 4.8422 -2.2356 -5.3472 -2.3183 -2.6423 1.2939 3.2763 0.4070 -2.6559 -0.8708 0.0744 -1.6679 -0.5005 -3.7452 -0.4664 7.1074 1.4726 1.2687 -1.4909 2.0956 2.3168 -0.6501 -1.2077 -1.5530 0.9637 -2.0631 -4.2762 2.6993 -3.1726 -0.9384 0.5087 3.2723 -2.0703 1.0993 -0.1387 -1.8518 -2.3484 3.3351 0.3118 -0.8242 3.0624 -0.4083 -3.6607 0.7839 2.4052 1.0344
-2.8502 -0.0569 -6.3786 1.8524 -0.0463 -2.2575 1.0546 3.1601 -0.7677 -1.2480 -1.2914 -3.8798 3.4940 -1.6194 2.3445 4.5654 0.5133 0.6998 4.2026 -5.0759 2.8213 1.6862 0.9605 -5.4122 -0.7693 2.8632 0.8566 -1.4063 2.7929 0.0704 4.6863 -1.2026 1.4183 0.8198 -0.9044 3.7836 2.4324 -3.4502 -4.2567 -0.4448 2.5375 -0.2855 -2.5883 0.3548 4.1527 -3.7244 2.5215 0.9644 4.3614 -1.7818 1.7446 -0.2957 -0.2885 1.8623 3.0565 2.0573 0.8018 -3.5901 -1.0671 -1.6602 -0.0540 0.2579 -6.0805 1.5871
0.7526 -3.9538 2.1278 -2.2522 0.3844 0.3543 -0.3260 1.3856 -1.1614 -5.4432 -2.7109 0.5878 2.8182 -5.5107 4.9155 1.7673 1.4374 3.9850 -3.7361 -0.7283 -2.1825 3.0605 3.1385 -1.5059 -5.0199 1.7461 1.3915 4.0320 -7.0713 -2.0504 5.8667 1.5642 1.4502 2.0237 -3.6148 0.6209 0.7789 -4.0189 -0.7863 -1.3412 -0.3949 6.1966 0.5108 -1.4759 -0.9158 2.4911 0.1828 -1.7069 0.7063 3.1486 4.0752 2.1378 5.8687 -1.4689 1.7502 -1.4684 -3.4826 -1.3334 -1.2087 0.4564 0.6476 -0.5558 -4.6356 -4.0702
0.2455 -4.9441 3.8715 1.6204 3.2381 -0.3897 -2.0318 -0.9281 0.4321 -1.2297 0.0934 4.0924 -0.1211 -1.5249 3.0365 -1.0657 4.2553 0.0615 3.9019 1.1535 1.9140 -1.3174 2.3649 -2.2779 -0.5019 -0.4840 0.7657 3.8441 -1.4605 -2.4619 -3.4574 1.6749 0.6964 -3.1501 1.6940 -2.2755 -4.2626 -3.8256 2.2239 -1.8422 -3.8398 -1.0505 7.6541 -0.9669 2.0437 -8.6290 -2.4163 3.1595 -0.3703 -3.2171 -1.7890 0.2782 1.1194 -0.2609 -5.6591 -5.2514 -3.7399 2.8623 2.9486 2.1403 0.2538 1.9897 2.4141 -3.2586
-5.3253 -2.4269 -3.6406 -0.5691 1.3842 -4.5835 1.6004 -1.0566 -1.6870 3.2263 0.5422 -1.8849 0.0210 -1.3424 2.1639 0.6267 1.7309 -2.2968 3.4956 -1.5181 -1.9574 0.7040 -3.2641 -3.9281 4.5406 -0.3755 -0.6101 0.0051 1.6066 0.4183 -3.4314 -0.2623 -4.2216 2.5593 -0.1350 0.9664 1.7846 -3.6267 -0.4889 2.1879 1.3395 0.0564 -1.7751 -1.3340 2.2722 -2.4730 -1.8491 -0.9205 -0.9103 0.1780 0.0666 1.9132 -3.9174 0.9214 -1.2581 -1.0083 -1.7841 -3.0984 5.0176 -2.7406 -5.6204 1.5104 -2.0353 -0.3851
0.4165 -2.7173 0.4009 -3.9260 -1.2932 4.9974 -4.4902 2.7030 -1.3025 1.2021 0.5950 2.9878 0.5468 -3.6641 -0.8176 2.2589 -0.8320 1.0816 3.3491 -0.3242 5.3291 -6.4697 0.2606 -1.4156 4.5771 -1.5312 -2.5876 -4.3812 2.8016 0.8022 -2.2119 3.7216 0.7238 0.5491 0.8169 -0.9715 -0.8797 -0.7567 2.5805 0.3903 2.5155 -1.5935 -3.2861 -0.9088 2.3101 -6.5395 1.0253 1.1292 -1.2153 -2.0808 -4.1402 -2.0306 -0.6547 0.5746 -1.6618 -1.5988 5.0938 2.3187 -3.1963 -2.5777 -0.8927 1.8591 0.6848 -0.3948
-2.0819 1.4097 -0.9352 5.5920 4.1910 -2.5327 -4.4154 -1.6398 2.8454 -1.3928 0.6741 -2.2644 1.0211 -0.3292 4.9659 0.6958 3.5413 0.8382 -0.6639 0.1097 6.8347 -2.8145 3.0811 1.3981 -2.6706 -5.1569 0.9480 1.2548 1.7185 -2.5688 -3.1036 -2.5129 0.0039 -0.6158 0.0803 0.9373 0.2273 -3.7708 -5.7833 -7.0697 -0.7235 0.0191 -6.0680 -1.6013 0.9848 -5.5740 1.1907 1.9843 0.4562 3.2897 0.5295 3.4719 1.5226 -0.5348 5.2769 -1.8930 -1.4198 -0.6173 -2.8579 4.4966 6.1133 2.6146 -4.1418 -0.3282
-4.5926 2.1329 -2.7617 2.8101 1.6756 -4.1069 0.5026 1.1909 0.3920 -2.3171 2.6695 0.9602 4.3153 5.0725 3.5870 -4.9787 3.4048 -0.5286 -3.9544 -2.4548 -3.3464 1.4258 -0.2188 -0.8412 -1.8764 -0.6994 -0.3069 0.6020 2.2067 5.8485 0.8887 -2.6232 4.6783 -3.1589 -2.3250 -0.3600 -1.1124 -0.0865 -0.7528 0.0346 -0.0060 2.9832 -0.2657 1.8418 -0.8290 -2.2324 2.9070 -0.8304 -1.0819 -5.2616 2.5552 1.5145 0.4057 1.4010 1.4213 0.1449 -0.2500 -5.7156 -1.0714 -1.5385 3.2200 -3.7694 -3.6484 7.6646
0.1640 -0.1120 -0.6548 1.9556 -4.6581 5.6962 1.5861 1.2929 -2.6914 2.0278 -1.3834 5.6446 -0.9242 -0.2376 2.3873 2.5055 -2.3324 0.4908 1.2811 5.0882 3.3005 1.0688 -0.3609 -0.7489 4.8501 4.5095 -1.6699 4.0332 2.4267 3.4099 -4.1338 3.4055 -5.7046 1.4856 -2.8003 -1.1915 1.6637 1.8607 1.0347 3.2094 -2.8037 2.9416 0.4355 2.0371 -2.0703 -0.0205 -0.1461 -3.6844 4.2417 -2.9929 -0.9413 1.1093 -4.4236 -1.5924 3.9754 -3.3965 1.6538 -2.1926 -2.5795 2.5207 -1.9317 -2.3821 -0.2790 2.4603
-2.7046 0.7553 -1.0595 -1.8403 2.9977 3.2267 -3.4535 -0.5216 -0.8668 2.8218 -1.1176 3.6112 1.5162 0.1123 3.3510 3.5375 -3.5750 -0.2764 -1.6251 3.6881 2.6153 1.5521 -1.8704 1.2723 -1.1709 -2.1221 2.5628 0.2232 1.0949 2.6184 1.9408 -0.8009 -4.0889 0.5688 -2.5075 -1.8635 -2.8542 2.5706 1.7073 -3.3840 3.1246 -2.4717 2.2254 1.4069 -1.9674 -1.1148 -0.6590 -1.9506 5.7289 4.4985 -4.5212 -0.4723 -0.7315 2.0183 -0.1244 -1.4760 2.9828 2.3424 -1.1403 -1.7414 4.3864 0.6811 3.3440 -6.8885
2.5594 2.0191 5.4254 0.4486 -1.5035 -0.5322 -1.5757 -1.3213 1.3148 3.7660 -1.5967 -0.8879 -1.6322 4.7063 -3.0672 1.6947 -1.7069 -0.0065 2.4225 -1.2105 2.6846 3.5394 -0.0044 1.6944 4.6974 2.8646 -1.0979 -0.1682 0.4901 1.4574 -1.6985 0.7743 -0.5349 -1.7724 -2.1766 -0.8846 -5.8241 0.7887 -0.1932 1.2847 1.3037 -3.0982 -0.3403 2.9807 0.8791 1.7355 2.6549 1.0470 2.5241 -1.3004 -0.7628 -2.9790 -1.0260 -4.0880 1.9790 -0.1453 2.3526 2.8658 0.6489 -4.5059 -4.3233 0.6984 2.5169 -1.6086
-3.0827 0.2419 -0.0209 3.1870 0.2339 -2.0346 1.2740 2.4495 -0.5987 0.2370 1.7353 3.5061 1.1015 -0.3660 4.7954 -7.1516 2.9408 -2.2055 -1.3046 1.5681 -3.6230 2.0746 2.7080 2.8363 -2.3506 -1.3609 1.8212 2.7229 -1.1076 -6.5475 2.2706 1.3114 -0.9437 -3.2277 -1.9569 -1.9757 0.4739 0.7348 -1.8581 2.4020 -4.6715 3.3644 -2.1580 -0.4560 -1.2208 -1.4836 -1.0321 -0.5661 -5.0663 -1.1604 2.0382 4.6531 -1.8667 -1.0633 -3.5151 2.0911 -2.7817 1.7422 5.3385 2.7628 2.7350 -1.5734 -2.0773 1.7755
-1.0204 3.2375 1.6385 -0.6374 1.5067 -1.3565 -0.2512 -4.2980 1.1217 3.0636 -3.5741 4.0424 -0.3882 0.5544 1.9603 0.0299 2.6462 -3.6869 3.1684 0.1032 1.5500 1.2505 -2.1161 -0.0478 0.6567 0.5103 2.2538 -0.8254 0.7984 1.6091 -0.5898 1.9294 0.2047 -3.0865 1.8316 0.3507 0.1868 4.3914 2.1666 1.2977 -0.4370 0.3237 0.8567 -1.9516 2.1303 0.3238 -0.4260 -3.1843 -1.6798 1.3852 2.7757 1.5283 -0.2852 -1.6366 3.4737 3.7652 -1.1706 5.7597 2.5871 4.1254 1.6801 -1.1344 -2.1633 -0.3982
-1.0916 -1.2687 1.4127 -0.1772 2.9231 -0.1709 -3.2623 2.6321 -4.2516 -3.0000 1.2685 2.0933 1.9172 2.3239 1.8436 2.1488 5.3733 -2.0969 -3.3790 0.9086 5.5635 1.2277 3.4619 -2.8336 -4.9122 -4.2382 0.2135 -2.0658 2.0511 1.5540 -0.3692 -0.3078 -0.8370 -2.7276 -1.5846 0.7328 0.7875 -2.1547 -2.4454 -2.6768 2.7843 0.0394 -3.2362 3.4143 -0.3325 -8.7927 4.6547 0.2119 0.8153 0.1835 -1.4030 1.3698 2.1039 2.8447 -2.2188 -1.3692 -1.6319 -5.6017 -1.1901 1.1987 5.5520 3.6482 -2.1145 -0.9090
1.8375 0.3634 0.6847 0.5134 -1.3927 8.3166 1.2378 0.4040 3.7553 -0.3098 -1.2954 -0.7599 0.8946 3.4779 2.7942 0.4765 1.8185 -0.2646 0.2938 -0.8600 2.3500 1.7864 -2.8596 3.0745 -2.5010 0.4557 0.7995 1.9963 3.0855 2.8044 1.7478 -0.6389 2.9319 -4.1495 -3.1751 -0.7062 3.2901 -1.4336 1.5006 -0.9252 -1.4526 -0.1252 0.7607 1.6287 1.2840 1.4455 4.2716 1.7972 -0.3015 -3.6030 4.2894 -2.9301 2.4735 -4.4856 3.3103 -0.5830 1.0569 -0.2483 -4.9557 0.5657 2.7658 -2.0602 -0.9138 2.2643
0.3889 -1.8318 -0.7124 1.4703 1.8823 1.6203 0.3293 1.6131 -1.3120 -0.3488 -0.7324 1.2420 0.8773 1.5112 4.3480 -2.8939 0.8688 2.4916 0.7912 -0.3134 0.6132 -2.6814 4.7443 4.3703 -1.7642 -1.6019 -3.0610 0.9295 -1.6055 -0.4687 0.2768 -0.6549 1.0574 4.4375 -1.0883 -0.2062 -0.3440 -1.8190 0.1054 2.6475 -2.9015 -0.2196 5.4726 -1.2131 -3.0275 -2.6897 -1.4223 1.8180 -3.0959 1.2316 0.8500 1.8232 -0.8390 0.7368 -3.6663 1.2597 0.9441 -6.3066 1.7256 0.5131 4.1266 -1.7018 1.7730 0.1379
-2.1036 0.0125 3.4540 -3.2122 1.2499 2.2870 6.0819 2.0164 1.4405 2.9130 0.6329 0.7108 3.0030 -2.4848 -0.5293 0.8783 -1.0375 0.0168 0.8610 -2.3106 -0.1178 -1.8135 -1.1411 -1.3152 0.5670 -0.5695 2.9454 -2.0359 -2.5090 -3.7741 2.9790 -1.9574 -0.7206 1.9428 1.3289 1.0487 0.2106 -0.5252 -3.3119 -0.6409 0.6318 -0.5612 -0.9062 -2.3463 1.2879 0.0759 -3.8320 0.7865 -0.8442 4.2896 0.3143 0.4170 2.0852 2.5663 3.2462 2.1460 4.1537 1.0792 3.5580 -1.8289 3.1282 2.0267 -0.3811 0.6042
1.1084 -1.9756 1.0867 -2.1696 4.8936 0.8179 -0.0668 -1.6831 -1.0385 -2.7608 2.9230 -2.9335 1.0167 -3.6116 1.0943 2.8369 1.8378 -1.1517 7.4673 -1.6961 0.3599 2.6833 -2.0570 1.7504 -3.2659 0.5269 -1.8270 0.4092 0.3815 2.0798 1.2832 -1.7733 0.4483 -2.1565 -3.0648 -3.5793 -0.0459 2.0363 -0.0950 -2.7106 2.4714 2.7128 -1.6526 -4.4957 -3.8906 0.0025 3.2262 6.8262 0.1055 1.1729 -2.8756 2.0835 -1.9850 -5.3282 2.9778 -0.9311 0.5595 1.7677 -3.7147 1.6400 0.1408 1.9076 0.5720 1.8144
-5.3580 -1.1796 -4.2896 1.6228 -2.9910 -6.5178 0.8791 0.1832 -4.6049 2.8743 4.2045 2.0638 -0.1180 0.7826 -4.4726 -1.9830 3.5170 -1.2785 0.4211 0.7835 -3.4022 1.1194 -5.3280 -7.9014 0.5964 0.8897 3.6845 -0.0135 -3.9982 -2.5975 -0.0669 2.6128 1.7582 -3.7432 -0.1191 1.6315 3.1912 -3.9846 -1.3151 -2.3575 2.9449 2.3940 -6.9949 -1.6288 -5.1686 3.0870 -3.9664 -4.8966 0.3144 -1.0448 2.9870 -2.9666 -0.6347 0.4395 2.6789 3.5686 1.5376 6.3625 -1.7016 -3.9134 -3.2193 -0.1232 -3.3402 0.1563
4.3828 2.6927 0.2156 -6.6509 -4.3152 4.0812 -0.2383 1.0195 3.7781 -0.2749 -0.2434 -0.0332 0.2929 -4.3167 -3.1732 5.4236 -1.8456 1.2379 -2.5586 -1.8919 3.8677 -2.0632 0.0158 -1.0385 5.2649 -1.9698 -3.0801 -1.3050 2.2771 0.3204 2.4877 2.7279 5.2934 2.5891 -0.1257 2.3165 1.8125 -1.3814 2.2767 2.6522 1.4436 -0.9038 -1.1583 7.6524 2.3300 3.6484 0.2229 0.5300 -1.6873 2.3724 -2.6180 -3.4129 2.3121 -5.4424 1.6831 -1.0772 2.2848 -0.3040 0.2827 5.8117 -2.3152 -1.5919 3.4351 4.2738
0.7175 2.4253 -3.6456 1.7452 -2.2313 -0.7814 5.1768 -2.5831 -1.1460 -1.1163 -0.4258 -0.9306 -4.6893 1.0662 -2.1317 -0.6453 -0.6689 -2.8422 -3.5818 1.2423 -4.5099 -3.0277 0.1383 3.4657 2.4156 0.1031 -1.9217 0.9758 -1.4406 3.7881 0.2155 0.5279 1.1603 1.5753 -1.3695 2.8037 -0.2958 -1.0733 -1.5835 -1.0930 -1.4623 1.3358 -2.6113 -0.8130 1.3734 7.4147 -4.0371 0.3157 -0.1189 -0.9171 -2.0567 -0.2388 2.0090 -0.0057 0.3181 -3.2804 0.2492 -1.2522 0.3956 -1.9536 1.6456 1.6532 1.2971 0.2209
-5.2139 2.1164 -3.0839 -0.6833 -2.8516 -4.2871 -2.6851 2.4052 -0.8079 0.9297 -2.3047 -0.5816 -1.5027 0.0897 1.3578 -2.2889 2.2171 1.8756 3.0278 6.1241 -2.9948 0.9279 -2.4560 -1.9587 -1.3528 1.3376 1.0851 -1.3509 -5.8462 -1.4973 1.8219 -0.1677 -0.3783 2.0880 1.4484 5.0898 0.3410 0.7012 2.4233 -0.4180 -0.3648 -2.3234 -1.1422 0.3493 -3.2579 0.7809 0.5846 -4.6780 -0.3040 1.8433 1.8659 3.2164 -5.7586 -0.3392 0.2884 -0.9529 -1.4741 -3.6816 2.7624 0.5630 -3.9310 1.3777 -0.2854 3.6899
0.0812 3.4297 -2.1846 -4.9578 2.8168 -0.3992 1.3188 3.2954 2.6279 3.4202 -0.7461 3.0703 0.2325 0.3750 0.8401 0.8693 1.9995 -0.5415 -0.8989 -1.1210 1.3142 0.3591 -3.1806 0.0141 -4.9614 -1.0447 4.3682 0.3874 -0.4782 -1.3160 5.5798 -1.7107 3.2477 -2.7812 -2.1532 1.8261 -4.2302 0.1215 -0.0562 -5.8971 -0.3831 -1.0902 4.5396 -0.4031 0.0415 -1.8943 4.1990 0.5780 2.3738 -0.2250 -1.3597 1.7662 -0.3850 0.9148 -1.1396 -1.2088 0.8082 -0.3856 2.5374 0.4941 3.7327 2.7515 -2.8042 1.9868
5.5350 -0.5134 1.4977 -1.5690 -0.2220 1.2034 -0.0957 -1.5273 -2.8261 -4.8745 -1.2697 -2.1095 -3.1012 -4.5617 3.3080 0.4714 -4.6442 -4.4687 0.5154 -2.8228 -0.4568 -2.7597 1.4676 -1.2466 -0.3498 -2.3503 0.5618 -3.0767 0.6284 3.4464 -4.2470 2.1041 4.1436 -0.2833 0.8826 1.0811 -0.6417 -1.0483 2.7937 2.4786 -1.0673 -2.4330 5.7348 0.7713 2.0296 -4.0956 -0.2743 -0.0068 0.5619 0.8712 0.6160 -0.2571 7.2788 1.4966 4.5367 -1.4352 -0.5311 -2.1060 -0.8635 -1.4426 -1.4197 0.0859 -0.5410 -1.0990
1.3879 -0.6688 3.0772 -3.6034 -1.0113 5.9447 -2.0798 5.7282 -2.4162 4.2398 -4.5980 0.9167 0.8292 3.3386 -0.4676 2.4994 -1.1454 1.7115 -0.5033 1.3719 3.8885 -6.5551 -0.2560 -0.4661 1.1606 2.6405 2.9488 -7.7557 3.8998 -3.7833 3.5441 -1.8761 -1.8670 4.2552 -4.6697 -2.9555 4.2227 -1.1069 2.2436 3.7448 3.0391 -1.4576 2.4982 -3.0169 1.4027 -4.7818 5.2850 -6.7839 -2.8183 0.2750 0.8316 3.0501 -0.7138 -2.8294 -5.0881 2.7402 -0.6051 -4.2103 -3.4203 -0.2781 -3.1213 3.7690 -3.2670 -2.1988
-2.0149 -0.1385 -3.1485 -2.8112 3.7348 3.6568 -2.4751 0.0093 0.5802 1.8256 -0.8607 0.7899 -1.9539 -0.7479 2.4565 1.8953 -0.9973 2.1296 -2.2440 -1.3795 3.5262 3.8319 -2.3659 -3.3932 -3.1944 -5.0122 4.9807 6.6912 -0.8684 -4.3476 0.2202 4.6705 -1.0355 1.2437 -5.4487 0.6097 -1.2404 -0.7808 2.0943 -0.0502 2.4071 1.4433 0.1131 -0.0387 -2.8520 5.6879 -1.2676 -1.2010 2.9061 -2.6709 -0.0076 -0.1402 1.4580 -6.1388 -0.2957 -1.3700 -2.7260 -0.3268 1.4461 0.0383 -2.8966 -3.7445 2.2407 2.9769
